Bravais Lattice: Tetragonal primitive lattice
Space group number: 105
Irreducible representation data of high-symmetry points:

----------------------------------------------------------------------------
HSP: A
k (prim): (1/2, 1/2, 1/2)
k (conv): (1/2, 1/2, 1/2)

Little group operation matrix (prim):
Operation 1:
 [1 0 0 0]
 [0 1 0 0]
 [0 0 1 0]
Operation 2:
 [-1  0  0  0]
 [ 0 -1  0  0]
 [ 0  0  1  0]
Operation 3:
 [ 0.  -1.   0.   0. ]
 [ 1.   0.   0.   0. ]
 [ 0.   0.   1.   0.5]
Operation 4:
 [ 0.   1.   0.   0. ]
 [-1.   0.   0.   0. ]
 [ 0.   0.   1.   0.5]
Operation 5:
 [ 1  0  0  0]
 [ 0 -1  0  0]
 [ 0  0  1  0]
Operation 6:
 [-1  0  0  0]
 [ 0  1  0  0]
 [ 0  0  1  0]
Operation 7:
 [0.  1.  0.  0. ]
 [1.  0.  0.  0. ]
 [0.  0.  1.  0.5]
Operation 8:
 [ 0.  -1.   0.   0. ]
 [-1.   0.   0.   0. ]
 [ 0.   0.   1.   0.5]

Irreducible representation:
A1 {1,2}: [2 2 0 0 2 2 0 0]
A2 {3,4}: [ 2  2  0  0 -2 -2  0  0]
A3 {5}: [ 2 -2  0  0  0  0  0  0]
----------------------------------------------------------------------------
HSP: GM
k (prim): (0, 0, 0)
k (conv): (0, 0, 0)

Little group operation matrix (prim):
Operation 1:
 [1 0 0 0]
 [0 1 0 0]
 [0 0 1 0]
Operation 2:
 [-1  0  0  0]
 [ 0 -1  0  0]
 [ 0  0  1  0]
Operation 3:
 [ 0.  -1.   0.   0. ]
 [ 1.   0.   0.   0. ]
 [ 0.   0.   1.   0.5]
Operation 4:
 [ 0.   1.   0.   0. ]
 [-1.   0.   0.   0. ]
 [ 0.   0.   1.   0.5]
Operation 5:
 [ 1  0  0  0]
 [ 0 -1  0  0]
 [ 0  0  1  0]
Operation 6:
 [-1  0  0  0]
 [ 0  1  0  0]
 [ 0  0  1  0]
Operation 7:
 [0.  1.  0.  0. ]
 [1.  0.  0.  0. ]
 [0.  0.  1.  0.5]
Operation 8:
 [ 0.  -1.   0.   0. ]
 [-1.   0.   0.   0. ]
 [ 0.   0.   1.   0.5]

Irreducible representation:
GM1 {1}: [1 1 1 1 1 1 1 1]
GM2 {2}: [ 1  1  1  1 -1 -1 -1 -1]
GM3 {3}: [ 1  1 -1 -1  1  1 -1 -1]
GM4 {4}: [ 1  1 -1 -1 -1 -1  1  1]
GM5 {5}: [ 2 -2  0  0  0  0  0  0]
----------------------------------------------------------------------------
HSP: M
k (prim): (1/2, 1/2, 0)
k (conv): (1/2, 1/2, 0)

Little group operation matrix (prim):
Operation 1:
 [1 0 0 0]
 [0 1 0 0]
 [0 0 1 0]
Operation 2:
 [-1  0  0  0]
 [ 0 -1  0  0]
 [ 0  0  1  0]
Operation 3:
 [ 0.  -1.   0.   0. ]
 [ 1.   0.   0.   0. ]
 [ 0.   0.   1.   0.5]
Operation 4:
 [ 0.   1.   0.   0. ]
 [-1.   0.   0.   0. ]
 [ 0.   0.   1.   0.5]
Operation 5:
 [ 1  0  0  0]
 [ 0 -1  0  0]
 [ 0  0  1  0]
Operation 6:
 [-1  0  0  0]
 [ 0  1  0  0]
 [ 0  0  1  0]
Operation 7:
 [0.  1.  0.  0. ]
 [1.  0.  0.  0. ]
 [0.  0.  1.  0.5]
Operation 8:
 [ 0.  -1.   0.   0. ]
 [-1.   0.   0.   0. ]
 [ 0.   0.   1.   0.5]

Irreducible representation:
M1 {1}: [1 1 1 1 1 1 1 1]
M2 {2}: [ 1  1  1  1 -1 -1 -1 -1]
M3 {3}: [ 1  1 -1 -1  1  1 -1 -1]
M4 {4}: [ 1  1 -1 -1 -1 -1  1  1]
M5 {5}: [ 2 -2  0  0  0  0  0  0]
----------------------------------------------------------------------------
HSP: R
k (prim): (0, 1/2, 1/2)
k (conv): (0, 1/2, 1/2)

Little group operation matrix (prim):
Operation 1:
 [1 0 0 0]
 [0 1 0 0]
 [0 0 1 0]
Operation 2:
 [-1  0  0  0]
 [ 0 -1  0  0]
 [ 0  0  1  0]
Operation 3:
 [ 1  0  0  0]
 [ 0 -1  0  0]
 [ 0  0  1  0]
Operation 4:
 [-1  0  0  0]
 [ 0  1  0  0]
 [ 0  0  1  0]

Irreducible representation:
R1 {1}: [1 1 1 1]
R2 {2}: [ 1  1 -1 -1]
R3 {3}: [ 1 -1  1 -1]
R4 {4}: [ 1 -1 -1  1]
----------------------------------------------------------------------------
HSP: X
k (prim): (0, 1/2, 0)
k (conv): (0, 1/2, 0)

Little group operation matrix (prim):
Operation 1:
 [1 0 0 0]
 [0 1 0 0]
 [0 0 1 0]
Operation 2:
 [-1  0  0  0]
 [ 0 -1  0  0]
 [ 0  0  1  0]
Operation 3:
 [ 1  0  0  0]
 [ 0 -1  0  0]
 [ 0  0  1  0]
Operation 4:
 [-1  0  0  0]
 [ 0  1  0  0]
 [ 0  0  1  0]

Irreducible representation:
X1 {1}: [1 1 1 1]
X2 {2}: [ 1  1 -1 -1]
X3 {3}: [ 1 -1  1 -1]
X4 {4}: [ 1 -1 -1  1]
----------------------------------------------------------------------------
HSP: Z
k (prim): (0, 0, 1/2)
k (conv): (0, 0, 1/2)

Little group operation matrix (prim):
Operation 1:
 [1 0 0 0]
 [0 1 0 0]
 [0 0 1 0]
Operation 2:
 [-1  0  0  0]
 [ 0 -1  0  0]
 [ 0  0  1  0]
Operation 3:
 [ 0.  -1.   0.   0. ]
 [ 1.   0.   0.   0. ]
 [ 0.   0.   1.   0.5]
Operation 4:
 [ 0.   1.   0.   0. ]
 [-1.   0.   0.   0. ]
 [ 0.   0.   1.   0.5]
Operation 5:
 [ 1  0  0  0]
 [ 0 -1  0  0]
 [ 0  0  1  0]
Operation 6:
 [-1  0  0  0]
 [ 0  1  0  0]
 [ 0  0  1  0]
Operation 7:
 [0.  1.  0.  0. ]
 [1.  0.  0.  0. ]
 [0.  0.  1.  0.5]
Operation 8:
 [ 0.  -1.   0.   0. ]
 [-1.   0.   0.   0. ]
 [ 0.   0.   1.   0.5]

Irreducible representation:
Z1 {1,2}: [2 2 0 0 2 2 0 0]
Z2 {3,4}: [ 2  2  0  0 -2 -2  0  0]
Z3 {5}: [ 2 -2  0  0  0  0  0  0]
----------------------------------------------------------------------------
