Bravais Lattice: Tetragonal primitive lattice
Space group number: 126
Irreducible representation data of high-symmetry points:

----------------------------------------------------------------------------
HSP: A
k (prim): (1/2, 1/2, 1/2)
k (conv): (1/2, 1/2, 1/2)

Little group operation matrix (prim):
Operation 1:
 [1 0 0 0]
 [0 1 0 0]
 [0 0 1 0]
Operation 2:
 [-1  0  0 -1]
 [ 0 -1  0  0]
 [ 0  0  1  0]
Operation 3:
 [ 0 -1  0  0]
 [ 1  0  0  1]
 [ 0  0  1  0]
Operation 4:
 [ 0  1  0 -1]
 [-1  0  0  0]
 [ 0  0  1  0]
Operation 5:
 [ 1  0  0  0]
 [ 0 -1  0  0]
 [ 0  0 -1  0]
Operation 6:
 [-1  0  0 -1]
 [ 0  1  0  0]
 [ 0  0 -1  0]
Operation 7:
 [ 0  1  0  0]
 [ 1  0  0  1]
 [ 0  0 -1  0]
Operation 8:
 [ 0 -1  0 -1]
 [-1  0  0  0]
 [ 0  0 -1  0]
Operation 9:
 [-1.   0.   0.  -0.5]
 [ 0.  -1.   0.   0.5]
 [ 0.   0.  -1.   0.5]
Operation 10:
 [ 1.   0.   0.  -0.5]
 [ 0.   1.   0.   0.5]
 [ 0.   0.  -1.   0.5]
Operation 11:
 [ 0.   1.   0.  -0.5]
 [-1.   0.   0.  -0.5]
 [ 0.   0.  -1.   0.5]
Operation 12:
 [ 0.  -1.   0.  -0.5]
 [ 1.   0.   0.   0.5]
 [ 0.   0.  -1.   0.5]
Operation 13:
 [-1.   0.   0.  -0.5]
 [ 0.   1.   0.  -0.5]
 [ 0.   0.   1.  -0.5]
Operation 14:
 [ 1.   0.   0.  -0.5]
 [ 0.  -1.   0.   0.5]
 [ 0.   0.   1.  -0.5]
Operation 15:
 [ 0.  -1.   0.  -0.5]
 [-1.   0.   0.  -0.5]
 [ 0.   0.   1.  -0.5]
Operation 16:
 [ 0.   1.   0.  -0.5]
 [ 1.   0.   0.   0.5]
 [ 0.   0.   1.  -0.5]

Irreducible representation:
A1 {1}: [2 2 0 0 2 2 0 0 0 0 0 0 0 0 0 0]
A2 {2}: [ 2.+0.j -2.+0.j  0.+0.j  0.+0.j  0.+0.j  0.+0.j  0.+0.j  0.+0.j  0.+0.j  0.+0.j  0.+0.j  0.+0.j  0.+2.j -0.-2.j  0.+0.j  0.+0.j]
A3 {3}: [ 2  2  0  0 -2 -2  0  0  0  0  0  0  0  0  0  0]
A4 {4}: [ 2.+0.j -2.+0.j  0.+0.j  0.+0.j  0.+0.j  0.+0.j  0.+0.j  0.+0.j  0.+0.j  0.+0.j  0.+0.j  0.+0.j -0.-2.j  0.+2.j  0.+0.j  0.+0.j]
----------------------------------------------------------------------------
HSP: GM
k (prim): (0, 0, 0)
k (conv): (0, 0, 0)

Little group operation matrix (prim):
Operation 1:
 [1 0 0 0]
 [0 1 0 0]
 [0 0 1 0]
Operation 2:
 [-1  0  0 -1]
 [ 0 -1  0  0]
 [ 0  0  1  0]
Operation 3:
 [ 0 -1  0  0]
 [ 1  0  0  1]
 [ 0  0  1  0]
Operation 4:
 [ 0  1  0 -1]
 [-1  0  0  0]
 [ 0  0  1  0]
Operation 5:
 [ 1  0  0  0]
 [ 0 -1  0  0]
 [ 0  0 -1  0]
Operation 6:
 [-1  0  0 -1]
 [ 0  1  0  0]
 [ 0  0 -1  0]
Operation 7:
 [ 0  1  0  0]
 [ 1  0  0  1]
 [ 0  0 -1  0]
Operation 8:
 [ 0 -1  0 -1]
 [-1  0  0  0]
 [ 0  0 -1  0]
Operation 9:
 [-1.   0.   0.  -0.5]
 [ 0.  -1.   0.   0.5]
 [ 0.   0.  -1.   0.5]
Operation 10:
 [ 1.   0.   0.  -0.5]
 [ 0.   1.   0.   0.5]
 [ 0.   0.  -1.   0.5]
Operation 11:
 [ 0.   1.   0.  -0.5]
 [-1.   0.   0.  -0.5]
 [ 0.   0.  -1.   0.5]
Operation 12:
 [ 0.  -1.   0.  -0.5]
 [ 1.   0.   0.   0.5]
 [ 0.   0.  -1.   0.5]
Operation 13:
 [-1.   0.   0.  -0.5]
 [ 0.   1.   0.  -0.5]
 [ 0.   0.   1.  -0.5]
Operation 14:
 [ 1.   0.   0.  -0.5]
 [ 0.  -1.   0.   0.5]
 [ 0.   0.   1.  -0.5]
Operation 15:
 [ 0.  -1.   0.  -0.5]
 [-1.   0.   0.  -0.5]
 [ 0.   0.   1.  -0.5]
Operation 16:
 [ 0.   1.   0.  -0.5]
 [ 1.   0.   0.   0.5]
 [ 0.   0.   1.  -0.5]

Irreducible representation:
GM1 {1}: [1 1 1 1 1 1 1 1 1 1 1 1 1 1 1 1]
GM2 {2}: [ 1  1  1  1 -1 -1 -1 -1  1  1  1  1 -1 -1 -1 -1]
GM3 {3}: [ 1  1 -1 -1  1  1 -1 -1  1  1 -1 -1  1  1 -1 -1]
GM4 {4}: [ 1  1 -1 -1 -1 -1  1  1  1  1 -1 -1 -1 -1  1  1]
GM5 {5}: [ 2 -2  0  0  0  0  0  0  2 -2  0  0  0  0  0  0]
GM6 {6}: [ 1  1  1  1  1  1  1  1 -1 -1 -1 -1 -1 -1 -1 -1]
GM7 {7}: [ 1  1  1  1 -1 -1 -1 -1 -1 -1 -1 -1  1  1  1  1]
GM8 {8}: [ 1  1 -1 -1  1  1 -1 -1 -1 -1  1  1 -1 -1  1  1]
GM9 {9}: [ 1  1 -1 -1 -1 -1  1  1 -1 -1  1  1  1  1 -1 -1]
GM10 {10}: [ 2 -2  0  0  0  0  0  0 -2  2  0  0  0  0  0  0]
----------------------------------------------------------------------------
HSP: M
k (prim): (1/2, 1/2, 0)
k (conv): (1/2, 1/2, 0)

Little group operation matrix (prim):
Operation 1:
 [1 0 0 0]
 [0 1 0 0]
 [0 0 1 0]
Operation 2:
 [-1  0  0 -1]
 [ 0 -1  0  0]
 [ 0  0  1  0]
Operation 3:
 [ 0 -1  0  0]
 [ 1  0  0  1]
 [ 0  0  1  0]
Operation 4:
 [ 0  1  0 -1]
 [-1  0  0  0]
 [ 0  0  1  0]
Operation 5:
 [ 1  0  0  0]
 [ 0 -1  0  0]
 [ 0  0 -1  0]
Operation 6:
 [-1  0  0 -1]
 [ 0  1  0  0]
 [ 0  0 -1  0]
Operation 7:
 [ 0  1  0  0]
 [ 1  0  0  1]
 [ 0  0 -1  0]
Operation 8:
 [ 0 -1  0 -1]
 [-1  0  0  0]
 [ 0  0 -1  0]
Operation 9:
 [-1.   0.   0.  -0.5]
 [ 0.  -1.   0.   0.5]
 [ 0.   0.  -1.   0.5]
Operation 10:
 [ 1.   0.   0.  -0.5]
 [ 0.   1.   0.   0.5]
 [ 0.   0.  -1.   0.5]
Operation 11:
 [ 0.   1.   0.  -0.5]
 [-1.   0.   0.  -0.5]
 [ 0.   0.  -1.   0.5]
Operation 12:
 [ 0.  -1.   0.  -0.5]
 [ 1.   0.   0.   0.5]
 [ 0.   0.  -1.   0.5]
Operation 13:
 [-1.   0.   0.  -0.5]
 [ 0.   1.   0.  -0.5]
 [ 0.   0.   1.  -0.5]
Operation 14:
 [ 1.   0.   0.  -0.5]
 [ 0.  -1.   0.   0.5]
 [ 0.   0.   1.  -0.5]
Operation 15:
 [ 0.  -1.   0.  -0.5]
 [-1.   0.   0.  -0.5]
 [ 0.   0.   1.  -0.5]
Operation 16:
 [ 0.   1.   0.  -0.5]
 [ 1.   0.   0.   0.5]
 [ 0.   0.   1.  -0.5]

Irreducible representation:
M1 {1}: [ 2  2  0  0  0  0 -2 -2  0  0  0  0  0  0  0  0]
M2 {2}: [ 2 -2  0  0  0  0  0  0  0  0  0  0  0  0  2 -2]
M3 {3}: [2 2 0 0 0 0 2 2 0 0 0 0 0 0 0 0]
M4 {4}: [ 2 -2  0  0  0  0  0  0  0  0  0  0  0  0 -2  2]
----------------------------------------------------------------------------
HSP: R
k (prim): (0, 1/2, 1/2)
k (conv): (0, 1/2, 1/2)

Little group operation matrix (prim):
Operation 1:
 [1 0 0 0]
 [0 1 0 0]
 [0 0 1 0]
Operation 2:
 [-1  0  0 -1]
 [ 0 -1  0  0]
 [ 0  0  1  0]
Operation 3:
 [ 1  0  0  0]
 [ 0 -1  0  0]
 [ 0  0 -1  0]
Operation 4:
 [-1  0  0 -1]
 [ 0  1  0  0]
 [ 0  0 -1  0]
Operation 5:
 [-1.   0.   0.  -0.5]
 [ 0.  -1.   0.   0.5]
 [ 0.   0.  -1.   0.5]
Operation 6:
 [ 1.   0.   0.  -0.5]
 [ 0.   1.   0.   0.5]
 [ 0.   0.  -1.   0.5]
Operation 7:
 [-1.   0.   0.  -0.5]
 [ 0.   1.   0.  -0.5]
 [ 0.   0.   1.  -0.5]
Operation 8:
 [ 1.   0.   0.  -0.5]
 [ 0.  -1.   0.   0.5]
 [ 0.   0.   1.  -0.5]

Irreducible representation:
R1 {1}: [2 0 2 0 0 0 0 0]
R2 {2}: [ 2  0 -2  0  0  0  0  0]
----------------------------------------------------------------------------
HSP: X
k (prim): (0, 1/2, 0)
k (conv): (0, 1/2, 0)

Little group operation matrix (prim):
Operation 1:
 [1 0 0 0]
 [0 1 0 0]
 [0 0 1 0]
Operation 2:
 [-1  0  0 -1]
 [ 0 -1  0  0]
 [ 0  0  1  0]
Operation 3:
 [ 1  0  0  0]
 [ 0 -1  0  0]
 [ 0  0 -1  0]
Operation 4:
 [-1  0  0 -1]
 [ 0  1  0  0]
 [ 0  0 -1  0]
Operation 5:
 [-1.   0.   0.  -0.5]
 [ 0.  -1.   0.   0.5]
 [ 0.   0.  -1.   0.5]
Operation 6:
 [ 1.   0.   0.  -0.5]
 [ 0.   1.   0.   0.5]
 [ 0.   0.  -1.   0.5]
Operation 7:
 [-1.   0.   0.  -0.5]
 [ 0.   1.   0.  -0.5]
 [ 0.   0.   1.  -0.5]
Operation 8:
 [ 1.   0.   0.  -0.5]
 [ 0.  -1.   0.   0.5]
 [ 0.   0.   1.  -0.5]

Irreducible representation:
X1 {1}: [2 0 0 2 0 0 0 0]
X2 {2}: [ 2  0  0 -2  0  0  0  0]
----------------------------------------------------------------------------
HSP: Z
k (prim): (0, 0, 1/2)
k (conv): (0, 0, 1/2)

Little group operation matrix (prim):
Operation 1:
 [1 0 0 0]
 [0 1 0 0]
 [0 0 1 0]
Operation 2:
 [-1  0  0 -1]
 [ 0 -1  0  0]
 [ 0  0  1  0]
Operation 3:
 [ 0 -1  0  0]
 [ 1  0  0  1]
 [ 0  0  1  0]
Operation 4:
 [ 0  1  0 -1]
 [-1  0  0  0]
 [ 0  0  1  0]
Operation 5:
 [ 1  0  0  0]
 [ 0 -1  0  0]
 [ 0  0 -1  0]
Operation 6:
 [-1  0  0 -1]
 [ 0  1  0  0]
 [ 0  0 -1  0]
Operation 7:
 [ 0  1  0  0]
 [ 1  0  0  1]
 [ 0  0 -1  0]
Operation 8:
 [ 0 -1  0 -1]
 [-1  0  0  0]
 [ 0  0 -1  0]
Operation 9:
 [-1.   0.   0.  -0.5]
 [ 0.  -1.   0.   0.5]
 [ 0.   0.  -1.   0.5]
Operation 10:
 [ 1.   0.   0.  -0.5]
 [ 0.   1.   0.   0.5]
 [ 0.   0.  -1.   0.5]
Operation 11:
 [ 0.   1.   0.  -0.5]
 [-1.   0.   0.  -0.5]
 [ 0.   0.  -1.   0.5]
Operation 12:
 [ 0.  -1.   0.  -0.5]
 [ 1.   0.   0.   0.5]
 [ 0.   0.  -1.   0.5]
Operation 13:
 [-1.   0.   0.  -0.5]
 [ 0.   1.   0.  -0.5]
 [ 0.   0.   1.  -0.5]
Operation 14:
 [ 1.   0.   0.  -0.5]
 [ 0.  -1.   0.   0.5]
 [ 0.   0.   1.  -0.5]
Operation 15:
 [ 0.  -1.   0.  -0.5]
 [-1.   0.   0.  -0.5]
 [ 0.   0.   1.  -0.5]
Operation 16:
 [ 0.   1.   0.  -0.5]
 [ 1.   0.   0.   0.5]
 [ 0.   0.   1.  -0.5]

Irreducible representation:
Z1 {1}: [2 2 2 2 0 0 0 0 0 0 0 0 0 0 0 0]
Z2 {2}: [ 2  2 -2 -2  0  0  0  0  0  0  0  0  0  0  0  0]
Z3 {3,4}: [ 4 -4  0  0  0  0  0  0  0  0  0  0  0  0  0  0]
----------------------------------------------------------------------------
