Bravais Lattice: Tetragonal body-centered lattice
Space group number: 142
Irreducible representation data of high-symmetry points:

----------------------------------------------------------------------------
HSP: GM
k (prim): (0, 0, 0)
k (conv): (0, 0, 0)

Little group operation matrix (prim):
Operation 1:
 [1 0 0 0]
 [0 1 0 0]
 [0 0 1 0]
Operation 2:
 [ 0  1 -1  1]
 [ 1  0 -1  0]
 [ 0  0 -1  0]
Operation 3:
 [ 0.    1.    0.    0.75]
 [ 0.    1.   -1.    0.25]
 [-1.    1.    0.    0.5 ]
Operation 4:
 [ 1.    0.   -1.    0.75]
 [ 1.    0.    0.    0.25]
 [ 1.   -1.    0.   -0.5 ]
Operation 5:
 [-1.    0.    0.   -0.75]
 [-1.    0.    1.   -1.25]
 [-1.    1.    0.    0.5 ]
Operation 6:
 [ 0.   -1.    1.   -0.75]
 [ 0.   -1.    0.   -2.25]
 [ 1.   -1.    0.   -0.5 ]
Operation 7:
 [-1.   0.   1.  -0.5]
 [ 0.  -1.   1.  -2.5]
 [ 0.   0.   1.   0. ]
Operation 8:
 [ 0.  -1.   0.  -1.5]
 [-1.   0.   0.  -1.5]
 [ 0.   0.  -1.   0. ]
Operation 9:
 [-1.    0.    0.   -1.25]
 [ 0.   -1.    0.   -2.75]
 [ 0.    0.   -1.   -0.5 ]
Operation 10:
 [ 0.   -1.    1.   -1.25]
 [-1.    0.    1.   -0.75]
 [ 0.    0.    1.    0.5 ]
Operation 11:
 [ 0 -1  0 -2]
 [ 0 -1  1 -2]
 [ 1 -1  0 -1]
Operation 12:
 [-1  0  1  0]
 [-1  0  0 -1]
 [-1  1  0  1]
Operation 13:
 [ 1.   0.   0.   0.5]
 [ 1.   0.  -1.  -0.5]
 [ 1.  -1.   0.  -1. ]
Operation 14:
 [ 0.   1.  -1.   1.5]
 [ 0.   1.   0.   0.5]
 [-1.   1.   0.   1. ]
Operation 15:
 [ 1.    0.   -1.    0.25]
 [ 0.    1.   -1.   -0.25]
 [ 0.    0.   -1.   -0.5 ]
Operation 16:
 [ 0.    1.    0.    1.25]
 [ 1.    0.    0.   -0.25]
 [ 0.    0.    1.    0.5 ]

Irreducible representation:
GM1 {1}: [1 1 1 1 1 1 1 1 1 1 1 1 1 1 1 1]
GM2 {2}: [ 1  1  1  1 -1 -1 -1 -1  1  1  1  1 -1 -1 -1 -1]
GM3 {3}: [ 1  1 -1 -1  1  1 -1 -1  1  1 -1 -1  1  1 -1 -1]
GM4 {4}: [ 1  1 -1 -1 -1 -1  1  1  1  1 -1 -1 -1 -1  1  1]
GM5 {5}: [ 2 -2  0  0  0  0  0  0  2 -2  0  0  0  0  0  0]
GM6 {6}: [ 1  1  1  1  1  1  1  1 -1 -1 -1 -1 -1 -1 -1 -1]
GM7 {7}: [ 1  1  1  1 -1 -1 -1 -1 -1 -1 -1 -1  1  1  1  1]
GM8 {8}: [ 1  1 -1 -1  1  1 -1 -1 -1 -1  1  1 -1 -1  1  1]
GM9 {9}: [ 1  1 -1 -1 -1 -1  1  1 -1 -1  1  1  1  1 -1 -1]
GM10 {10}: [ 2 -2  0  0  0  0  0  0 -2  2  0  0  0  0  0  0]
----------------------------------------------------------------------------
HSP: M
k (prim): (1/2, 1/2, 1/2)
k (conv): (1, 1, 1)

Little group operation matrix (prim):
Operation 1:
 [1 0 0 0]
 [0 1 0 0]
 [0 0 1 0]
Operation 2:
 [ 0  1 -1  1]
 [ 1  0 -1  0]
 [ 0  0 -1  0]
Operation 3:
 [ 0.    1.    0.    0.75]
 [ 0.    1.   -1.    0.25]
 [-1.    1.    0.    0.5 ]
Operation 4:
 [ 1.    0.   -1.    0.75]
 [ 1.    0.    0.    0.25]
 [ 1.   -1.    0.   -0.5 ]
Operation 5:
 [-1.    0.    0.   -0.75]
 [-1.    0.    1.   -1.25]
 [-1.    1.    0.    0.5 ]
Operation 6:
 [ 0.   -1.    1.   -0.75]
 [ 0.   -1.    0.   -2.25]
 [ 1.   -1.    0.   -0.5 ]
Operation 7:
 [-1.   0.   1.  -0.5]
 [ 0.  -1.   1.  -2.5]
 [ 0.   0.   1.   0. ]
Operation 8:
 [ 0.  -1.   0.  -1.5]
 [-1.   0.   0.  -1.5]
 [ 0.   0.  -1.   0. ]
Operation 9:
 [-1.    0.    0.   -1.25]
 [ 0.   -1.    0.   -2.75]
 [ 0.    0.   -1.   -0.5 ]
Operation 10:
 [ 0.   -1.    1.   -1.25]
 [-1.    0.    1.   -0.75]
 [ 0.    0.    1.    0.5 ]
Operation 11:
 [ 0 -1  0 -2]
 [ 0 -1  1 -2]
 [ 1 -1  0 -1]
Operation 12:
 [-1  0  1  0]
 [-1  0  0 -1]
 [-1  1  0  1]
Operation 13:
 [ 1.   0.   0.   0.5]
 [ 1.   0.  -1.  -0.5]
 [ 1.  -1.   0.  -1. ]
Operation 14:
 [ 0.   1.  -1.   1.5]
 [ 0.   1.   0.   0.5]
 [-1.   1.   0.   1. ]
Operation 15:
 [ 1.    0.   -1.    0.25]
 [ 0.    1.   -1.   -0.25]
 [ 0.    0.   -1.   -0.5 ]
Operation 16:
 [ 0.    1.    0.    1.25]
 [ 1.    0.    0.   -0.25]
 [ 0.    0.    1.    0.5 ]

Irreducible representation:
M1 {1}: [ 2.+0.j -2.+0.j  0.+0.j  0.+0.j -0.-2.j  0.+2.j  0.+0.j  0.+0.j  0.+0.j  0.+0.j  0.+0.j  0.+0.j  0.+0.j  0.+0.j  0.+0.j  0.+0.j]
M2 {2}: [2 2 0 0 0 0 0 0 0 0 0 0 2 2 0 0]
M3 {3}: [ 2.+0.j -2.+0.j  0.+0.j  0.+0.j  0.+2.j -0.-2.j  0.+0.j  0.+0.j  0.+0.j  0.+0.j  0.+0.j  0.+0.j  0.+0.j  0.+0.j  0.+0.j  0.+0.j]
M4 {4}: [ 2  2  0  0  0  0  0  0  0  0  0  0 -2 -2  0  0]
----------------------------------------------------------------------------
HSP: N
k (prim): (0, 1/2, 0)
k (conv): (1/2, 0, 1/2)

Little group operation matrix (prim):
Operation 1:
 [1 0 0 0]
 [0 1 0 0]
 [0 0 1 0]
Operation 2:
 [ 0.   -1.    1.   -0.75]
 [ 0.   -1.    0.   -2.25]
 [ 1.   -1.    0.   -0.5 ]
Operation 3:
 [-1.    0.    0.   -1.25]
 [ 0.   -1.    0.   -2.75]
 [ 0.    0.   -1.   -0.5 ]
Operation 4:
 [ 0.   1.  -1.   0.5]
 [ 0.   1.   0.  -0.5]
 [-1.   1.   0.   0. ]

Irreducible representation:
N1 {1}: [2 0 0 0]
----------------------------------------------------------------------------
HSP: P
k (prim): (1/4, 1/4, 1/4)
k (conv): (1/2, 1/2, 1/2)

Little group operation matrix (prim):
Operation 1:
 [1 0 0 0]
 [0 1 0 0]
 [0 0 1 0]
Operation 2:
 [ 0  1 -1  1]
 [ 1  0 -1  0]
 [ 0  0 -1  0]
Operation 3:
 [-1.    0.    0.   -0.75]
 [-1.    0.    1.   -1.25]
 [-1.    1.    0.    0.5 ]
Operation 4:
 [ 0.   -1.    1.   -0.75]
 [ 0.   -1.    0.   -2.25]
 [ 1.   -1.    0.   -0.5 ]
Operation 5:
 [ 0 -1  0 -2]
 [ 0 -1  1 -2]
 [ 1 -1  0 -1]
Operation 6:
 [-1  0  1  0]
 [-1  0  0 -1]
 [-1  1  0  1]
Operation 7:
 [ 1.    0.   -1.    0.25]
 [ 0.    1.   -1.   -0.25]
 [ 0.    0.   -1.   -0.5 ]
Operation 8:
 [ 0.    1.    0.    1.25]
 [ 1.    0.    0.   -0.25]
 [ 0.    0.    1.    0.5 ]

Irreducible representation:
P1 {1,2}: [4 0 0 0 0 0 0 0]
----------------------------------------------------------------------------
HSP: X
k (prim): (0, 0, 1/2)
k (conv): (1/2, 1/2, 0)

Little group operation matrix (prim):
Operation 1:
 [1 0 0 0]
 [0 1 0 0]
 [0 0 1 0]
Operation 2:
 [ 0  1 -1  1]
 [ 1  0 -1  0]
 [ 0  0 -1  0]
Operation 3:
 [-1.   0.   1.  -0.5]
 [ 0.  -1.   1.  -2.5]
 [ 0.   0.   1.   0. ]
Operation 4:
 [ 0.  -1.   0.  -1.5]
 [-1.   0.   0.  -1.5]
 [ 0.   0.  -1.   0. ]
Operation 5:
 [-1.    0.    0.   -1.25]
 [ 0.   -1.    0.   -2.75]
 [ 0.    0.   -1.   -0.5 ]
Operation 6:
 [ 0.   -1.    1.   -1.25]
 [-1.    0.    1.   -0.75]
 [ 0.    0.    1.    0.5 ]
Operation 7:
 [ 1.    0.   -1.    0.25]
 [ 0.    1.   -1.   -0.25]
 [ 0.    0.   -1.   -0.5 ]
Operation 8:
 [ 0.    1.    0.    1.25]
 [ 1.    0.    0.   -0.25]
 [ 0.    0.    1.    0.5 ]

Irreducible representation:
X1 {1}: [2 0 2 0 0 0 0 0]
X2 {2}: [ 2  0 -2  0  0  0  0  0]
----------------------------------------------------------------------------
