Bravais Lattice: Trigonal primitive lattice
Space group number: 167
Irreducible representation data of high-symmetry points:

----------------------------------------------------------------------------
HSP: F
k (prim): (1/2, 1/2, 0)
k (conv): (1/2, 1/2, 0)

Little group operation matrix (prim):
Operation 1:
 [1 0 0 0]
 [0 1 0 0]
 [0 0 1 0]
Operation 2:
 [-1  0  0  0]
 [ 0 -1  0  0]
 [ 0  0 -1  0]
Operation 3:
 [ 0.  -1.   0.  -0.5]
 [-1.   0.   0.  -0.5]
 [ 0.   0.  -1.  -0.5]
Operation 4:
 [0.  1.  0.  0.5]
 [1.  0.  0.  0.5]
 [0.  0.  1.  0.5]

Irreducible representation:
F1 {1}: [ 1  1 -1 -1]
F2 {2}: [ 1 -1 -1  1]
F3 {3}: [1 1 1 1]
F4 {4}: [ 1 -1  1 -1]
----------------------------------------------------------------------------
HSP: GM
k (prim): (0, 0, 0)
k (conv): (0, 0, 0)

Little group operation matrix (prim):
Operation 1:
 [1 0 0 0]
 [0 1 0 0]
 [0 0 1 0]
Operation 2:
 [-1  0  0  0]
 [ 0 -1  0  0]
 [ 0  0 -1  0]
Operation 3:
 [ 0 -1  0  0]
 [ 0  0 -1  0]
 [-1  0  0  0]
Operation 4:
 [ 0  0 -1  0]
 [-1  0  0  0]
 [ 0 -1  0  0]
Operation 5:
 [0 0 1 0]
 [1 0 0 0]
 [0 1 0 0]
Operation 6:
 [0 1 0 0]
 [0 0 1 0]
 [1 0 0 0]
Operation 7:
 [-1.   0.   0.   0.5]
 [ 0.   0.  -1.   0.5]
 [ 0.  -1.   0.   0.5]
Operation 8:
 [ 0.  -1.   0.   0.5]
 [-1.   0.   0.   0.5]
 [ 0.   0.  -1.   0.5]
Operation 9:
 [ 0.   0.  -1.   0.5]
 [ 0.  -1.   0.   0.5]
 [-1.   0.   0.   0.5]
Operation 10:
 [ 0.   0.   1.  -0.5]
 [ 0.   1.   0.  -0.5]
 [ 1.   0.   0.  -0.5]
Operation 11:
 [ 1.   0.   0.  -0.5]
 [ 0.   0.   1.  -0.5]
 [ 0.   1.   0.  -0.5]
Operation 12:
 [ 0.   1.   0.  -0.5]
 [ 1.   0.   0.  -0.5]
 [ 0.   0.   1.  -0.5]

Irreducible representation:
GM1 {1}: [1 1 1 1 1 1 1 1 1 1 1 1]
GM2 {2}: [ 1  1  1  1  1  1 -1 -1 -1 -1 -1 -1]
GM3 {3}: [ 1 -1 -1 -1  1  1  1  1  1 -1 -1 -1]
GM4 {4}: [ 1 -1 -1 -1  1  1 -1 -1 -1  1  1  1]
GM5 {5}: [ 2  2 -1 -1 -1 -1  0  0  0  0  0  0]
GM6 {6}: [ 2 -2  1  1 -1 -1  0  0  0  0  0  0]
----------------------------------------------------------------------------
HSP: L
k (prim): (0, 1/2, 0)
k (conv): (0, 1/2, 0)

Little group operation matrix (prim):
Operation 1:
 [1 0 0 0]
 [0 1 0 0]
 [0 0 1 0]
Operation 2:
 [-1  0  0  0]
 [ 0 -1  0  0]
 [ 0  0 -1  0]
Operation 3:
 [ 0.   0.  -1.   0.5]
 [ 0.  -1.   0.   0.5]
 [-1.   0.   0.   0.5]
Operation 4:
 [ 0.   0.   1.  -0.5]
 [ 0.   1.   0.  -0.5]
 [ 1.   0.   0.  -0.5]

Irreducible representation:
L1 {1}: [2 0 0 0]
----------------------------------------------------------------------------
HSP: T
k (prim): (1/2, 1/2, 1/2)
k (conv): (1/2, 1/2, 1/2)

Little group operation matrix (prim):
Operation 1:
 [1 0 0 0]
 [0 1 0 0]
 [0 0 1 0]
Operation 2:
 [-1  0  0  0]
 [ 0 -1  0  0]
 [ 0  0 -1  0]
Operation 3:
 [ 0 -1  0  0]
 [ 0  0 -1  0]
 [-1  0  0  0]
Operation 4:
 [ 0  0 -1  0]
 [-1  0  0  0]
 [ 0 -1  0  0]
Operation 5:
 [0 0 1 0]
 [1 0 0 0]
 [0 1 0 0]
Operation 6:
 [0 1 0 0]
 [0 0 1 0]
 [1 0 0 0]
Operation 7:
 [-1.   0.   0.   0.5]
 [ 0.   0.  -1.   0.5]
 [ 0.  -1.   0.   0.5]
Operation 8:
 [ 0.  -1.   0.   0.5]
 [-1.   0.   0.   0.5]
 [ 0.   0.  -1.   0.5]
Operation 9:
 [ 0.   0.  -1.   0.5]
 [ 0.  -1.   0.   0.5]
 [-1.   0.   0.   0.5]
Operation 10:
 [ 0.   0.   1.  -0.5]
 [ 0.   1.   0.  -0.5]
 [ 1.   0.   0.  -0.5]
Operation 11:
 [ 1.   0.   0.  -0.5]
 [ 0.   0.   1.  -0.5]
 [ 0.   1.   0.  -0.5]
Operation 12:
 [ 0.   1.   0.  -0.5]
 [ 1.   0.   0.  -0.5]
 [ 0.   0.   1.  -0.5]

Irreducible representation:
T1 {1,2}: [ 4  0  0  0 -2 -2  0  0  0  0  0  0]
T2 {3}: [2 0 0 0 2 2 0 0 0 0 0 0]
----------------------------------------------------------------------------
