Bravais Lattice: Hexagonal primitive lattice
Space group number: 182
Irreducible representation data of high-symmetry points:

----------------------------------------------------------------------------
HSP: A
k (prim): (0, 0, 1/2)
k (conv): (0, 0, 1/2)

Little group operation matrix (prim):
Operation 1:
 [1 0 0 0]
 [0 1 0 0]
 [0 0 1 0]
Operation 2:
 [-1.   0.   0.   0. ]
 [ 0.  -1.   0.   0. ]
 [ 0.   0.   1.   0.5]
Operation 3:
 [ 1.  -1.   0.   0. ]
 [ 1.   0.   0.   0. ]
 [ 0.   0.   1.   0.5]
Operation 4:
 [ 0.   1.   0.   0. ]
 [-1.   1.   0.   0. ]
 [ 0.   0.   1.   0.5]
Operation 5:
 [ 0 -1  0  0]
 [ 1 -1  0  0]
 [ 0  0  1  0]
Operation 6:
 [-1  1  0  0]
 [-1  0  0  0]
 [ 0  0  1  0]
Operation 7:
 [-1.   1.   0.   0. ]
 [ 0.   1.   0.   0. ]
 [ 0.   0.  -1.  -0.5]
Operation 8:
 [ 0.  -1.   0.   0. ]
 [-1.   0.   0.   0. ]
 [ 0.   0.  -1.  -0.5]
Operation 9:
 [ 1.   0.   0.   0. ]
 [ 1.  -1.   0.   0. ]
 [ 0.   0.  -1.  -0.5]
Operation 10:
 [-1  0  0  0]
 [-1  1  0  0]
 [ 0  0 -1  0]
Operation 11:
 [ 1 -1  0  0]
 [ 0 -1  0  0]
 [ 0  0 -1  0]
Operation 12:
 [ 0  1  0  0]
 [ 1  0  0  0]
 [ 0  0 -1  0]

Irreducible representation:
A1 {1}: [ 2.+0.j          0.+0.j          0.+1.73205081j  0.-1.73205081j -1.+0.j         -1.+0.j          0.+0.j          0.+0.j  0.+0.j          0.+0.j          0.+0.j          0.+0.j        ]
A2 {2}: [ 2.+0.j          0.+0.j          0.-1.73205081j  0.+1.73205081j -1.+0.j         -1.+0.j          0.+0.j          0.+0.j  0.+0.j          0.+0.j          0.+0.j          0.+0.j        ]
A3 {3}: [2 0 0 0 2 2 0 0 0 0 0 0]
----------------------------------------------------------------------------
HSP: GM
k (prim): (0, 0, 0)
k (conv): (0, 0, 0)

Little group operation matrix (prim):
Operation 1:
 [1 0 0 0]
 [0 1 0 0]
 [0 0 1 0]
Operation 2:
 [-1.   0.   0.   0. ]
 [ 0.  -1.   0.   0. ]
 [ 0.   0.   1.   0.5]
Operation 3:
 [ 1.  -1.   0.   0. ]
 [ 1.   0.   0.   0. ]
 [ 0.   0.   1.   0.5]
Operation 4:
 [ 0.   1.   0.   0. ]
 [-1.   1.   0.   0. ]
 [ 0.   0.   1.   0.5]
Operation 5:
 [ 0 -1  0  0]
 [ 1 -1  0  0]
 [ 0  0  1  0]
Operation 6:
 [-1  1  0  0]
 [-1  0  0  0]
 [ 0  0  1  0]
Operation 7:
 [-1.   1.   0.   0. ]
 [ 0.   1.   0.   0. ]
 [ 0.   0.  -1.  -0.5]
Operation 8:
 [ 0.  -1.   0.   0. ]
 [-1.   0.   0.   0. ]
 [ 0.   0.  -1.  -0.5]
Operation 9:
 [ 1.   0.   0.   0. ]
 [ 1.  -1.   0.   0. ]
 [ 0.   0.  -1.  -0.5]
Operation 10:
 [-1  0  0  0]
 [-1  1  0  0]
 [ 0  0 -1  0]
Operation 11:
 [ 1 -1  0  0]
 [ 0 -1  0  0]
 [ 0  0 -1  0]
Operation 12:
 [ 0  1  0  0]
 [ 1  0  0  0]
 [ 0  0 -1  0]

Irreducible representation:
GM1 {1}: [1 1 1 1 1 1 1 1 1 1 1 1]
GM2 {2}: [ 1  1  1  1  1  1 -1 -1 -1 -1 -1 -1]
GM3 {3}: [ 1 -1 -1 -1  1  1  1  1  1 -1 -1 -1]
GM4 {4}: [ 1 -1 -1 -1  1  1 -1 -1 -1  1  1  1]
GM5 {5}: [ 2  2 -1 -1 -1 -1  0  0  0  0  0  0]
GM6 {6}: [ 2 -2  1  1 -1 -1  0  0  0  0  0  0]
----------------------------------------------------------------------------
HSP: H
k (prim): (1/3, 1/3, 1/2)
k (conv): (1/3, 1/3, 1/2)

Little group operation matrix (prim):
Operation 1:
 [1 0 0 0]
 [0 1 0 0]
 [0 0 1 0]
Operation 2:
 [ 0 -1  0  0]
 [ 1 -1  0  0]
 [ 0  0  1  0]
Operation 3:
 [-1  1  0  0]
 [-1  0  0  0]
 [ 0  0  1  0]
Operation 4:
 [-1  0  0  0]
 [-1  1  0  0]
 [ 0  0 -1  0]
Operation 5:
 [ 1 -1  0  0]
 [ 0 -1  0  0]
 [ 0  0 -1  0]
Operation 6:
 [ 0  1  0  0]
 [ 1  0  0  0]
 [ 0  0 -1  0]

Irreducible representation:
H1 {1,2}: [2 2 2 0 0 0]
H2 {3}: [ 2 -1 -1  0  0  0]
----------------------------------------------------------------------------
HSP: K
k (prim): (1/3, 1/3, 0)
k (conv): (1/3, 1/3, 0)

Little group operation matrix (prim):
Operation 1:
 [1 0 0 0]
 [0 1 0 0]
 [0 0 1 0]
Operation 2:
 [ 0 -1  0  0]
 [ 1 -1  0  0]
 [ 0  0  1  0]
Operation 3:
 [-1  1  0  0]
 [-1  0  0  0]
 [ 0  0  1  0]
Operation 4:
 [-1  0  0  0]
 [-1  1  0  0]
 [ 0  0 -1  0]
Operation 5:
 [ 1 -1  0  0]
 [ 0 -1  0  0]
 [ 0  0 -1  0]
Operation 6:
 [ 0  1  0  0]
 [ 1  0  0  0]
 [ 0  0 -1  0]

Irreducible representation:
K1 {1}: [1 1 1 1 1 1]
K2 {2}: [ 1  1  1 -1 -1 -1]
K3 {3}: [ 2 -1 -1  0  0  0]
----------------------------------------------------------------------------
HSP: L
k (prim): (1/2, 0, 1/2)
k (conv): (1/2, 0, 1/2)

Little group operation matrix (prim):
Operation 1:
 [1 0 0 0]
 [0 1 0 0]
 [0 0 1 0]
Operation 2:
 [-1.   0.   0.   0. ]
 [ 0.  -1.   0.   0. ]
 [ 0.   0.   1.   0.5]
Operation 3:
 [ 1.   0.   0.   0. ]
 [ 1.  -1.   0.   0. ]
 [ 0.   0.  -1.  -0.5]
Operation 4:
 [-1  0  0  0]
 [-1  1  0  0]
 [ 0  0 -1  0]

Irreducible representation:
L1 {1}: [2 0 0 0]
----------------------------------------------------------------------------
HSP: M
k (prim): (1/2, 0, 0)
k (conv): (1/2, 0, 0)

Little group operation matrix (prim):
Operation 1:
 [1 0 0 0]
 [0 1 0 0]
 [0 0 1 0]
Operation 2:
 [-1.   0.   0.   0. ]
 [ 0.  -1.   0.   0. ]
 [ 0.   0.   1.   0.5]
Operation 3:
 [ 1.   0.   0.   0. ]
 [ 1.  -1.   0.   0. ]
 [ 0.   0.  -1.  -0.5]
Operation 4:
 [-1  0  0  0]
 [-1  1  0  0]
 [ 0  0 -1  0]

Irreducible representation:
M1 {1}: [1 1 1 1]
M2 {2}: [ 1  1 -1 -1]
M3 {3}: [ 1 -1 -1  1]
M4 {4}: [ 1 -1  1 -1]
----------------------------------------------------------------------------
