Bravais Lattice: Hexagonal primitive lattice
Space group number: 192
Irreducible representation data of high-symmetry points:

----------------------------------------------------------------------------
HSP: A
k (prim): (0, 0, 1/2)
k (conv): (0, 0, 1/2)

Little group operation matrix (prim):
Operation 1:
 [1 0 0 0]
 [0 1 0 0]
 [0 0 1 0]
Operation 2:
 [ 0 -1  0  0]
 [ 1 -1  0  0]
 [ 0  0  1  0]
Operation 3:
 [-1  1  0  0]
 [-1  0  0  0]
 [ 0  0  1  0]
Operation 4:
 [-1.   1.   0.   0. ]
 [ 0.   1.   0.   0. ]
 [ 0.   0.  -1.   0.5]
Operation 5:
 [ 0.  -1.   0.   0. ]
 [-1.   0.   0.   0. ]
 [ 0.   0.  -1.   0.5]
Operation 6:
 [ 1.   0.   0.   0. ]
 [ 1.  -1.   0.   0. ]
 [ 0.   0.  -1.   0.5]
Operation 7:
 [-1  0  0  0]
 [ 0 -1  0  0]
 [ 0  0  1  0]
Operation 8:
 [ 0  1  0  0]
 [-1  1  0  0]
 [ 0  0  1  0]
Operation 9:
 [ 1 -1  0  0]
 [ 1  0  0  0]
 [ 0  0  1  0]
Operation 10:
 [ 1.  -1.   0.   0. ]
 [ 0.  -1.   0.   0. ]
 [ 0.   0.  -1.   0.5]
Operation 11:
 [ 0.   1.   0.   0. ]
 [ 1.   0.   0.   0. ]
 [ 0.   0.  -1.   0.5]
Operation 12:
 [-1.   0.   0.   0. ]
 [-1.   1.   0.   0. ]
 [ 0.   0.  -1.   0.5]
Operation 13:
 [-1  0  0  0]
 [ 0 -1  0  0]
 [ 0  0 -1  0]
Operation 14:
 [ 0  1  0  0]
 [-1  1  0  0]
 [ 0  0 -1  0]
Operation 15:
 [ 1 -1  0  0]
 [ 1  0  0  0]
 [ 0  0 -1  0]
Operation 16:
 [ 1.  -1.   0.   0. ]
 [ 0.  -1.   0.   0. ]
 [ 0.   0.   1.   0.5]
Operation 17:
 [0.  1.  0.  0. ]
 [1.  0.  0.  0. ]
 [0.  0.  1.  0.5]
Operation 18:
 [-1.   0.   0.   0. ]
 [-1.   1.   0.   0. ]
 [ 0.   0.   1.   0.5]
Operation 19:
 [ 1  0  0  0]
 [ 0  1  0  0]
 [ 0  0 -1  0]
Operation 20:
 [ 0 -1  0  0]
 [ 1 -1  0  0]
 [ 0  0 -1  0]
Operation 21:
 [-1  1  0  0]
 [-1  0  0  0]
 [ 0  0 -1  0]
Operation 22:
 [-1.   1.   0.   0. ]
 [ 0.   1.   0.   0. ]
 [ 0.   0.   1.   0.5]
Operation 23:
 [ 0.  -1.   0.   0. ]
 [-1.   0.   0.   0. ]
 [ 0.   0.   1.   0.5]
Operation 24:
 [ 1.   0.   0.   0. ]
 [ 1.  -1.   0.   0. ]
 [ 0.   0.   1.   0.5]

Irreducible representation:
A1 {1,2}: [ 4 -2 -2  0  0  0  4 -2 -2  0  0  0  0  0  0  0  0  0  0  0  0  0  0  0]
A2 {3}: [2 2 2 0 0 0 2 2 2 0 0 0 0 0 0 0 0 0 0 0 0 0 0 0]
A3 {4,5}: [ 4 -2 -2  0  0  0 -4  2  2  0  0  0  0  0  0  0  0  0  0  0  0  0  0  0]
A4 {6}: [ 2  2  2  0  0  0 -2 -2 -2  0  0  0  0  0  0  0  0  0  0  0  0  0  0  0]
----------------------------------------------------------------------------
HSP: GM
k (prim): (0, 0, 0)
k (conv): (0, 0, 0)

Little group operation matrix (prim):
Operation 1:
 [1 0 0 0]
 [0 1 0 0]
 [0 0 1 0]
Operation 2:
 [ 0 -1  0  0]
 [ 1 -1  0  0]
 [ 0  0  1  0]
Operation 3:
 [-1  1  0  0]
 [-1  0  0  0]
 [ 0  0  1  0]
Operation 4:
 [-1.   1.   0.   0. ]
 [ 0.   1.   0.   0. ]
 [ 0.   0.  -1.   0.5]
Operation 5:
 [ 0.  -1.   0.   0. ]
 [-1.   0.   0.   0. ]
 [ 0.   0.  -1.   0.5]
Operation 6:
 [ 1.   0.   0.   0. ]
 [ 1.  -1.   0.   0. ]
 [ 0.   0.  -1.   0.5]
Operation 7:
 [-1  0  0  0]
 [ 0 -1  0  0]
 [ 0  0  1  0]
Operation 8:
 [ 0  1  0  0]
 [-1  1  0  0]
 [ 0  0  1  0]
Operation 9:
 [ 1 -1  0  0]
 [ 1  0  0  0]
 [ 0  0  1  0]
Operation 10:
 [ 1.  -1.   0.   0. ]
 [ 0.  -1.   0.   0. ]
 [ 0.   0.  -1.   0.5]
Operation 11:
 [ 0.   1.   0.   0. ]
 [ 1.   0.   0.   0. ]
 [ 0.   0.  -1.   0.5]
Operation 12:
 [-1.   0.   0.   0. ]
 [-1.   1.   0.   0. ]
 [ 0.   0.  -1.   0.5]
Operation 13:
 [-1  0  0  0]
 [ 0 -1  0  0]
 [ 0  0 -1  0]
Operation 14:
 [ 0  1  0  0]
 [-1  1  0  0]
 [ 0  0 -1  0]
Operation 15:
 [ 1 -1  0  0]
 [ 1  0  0  0]
 [ 0  0 -1  0]
Operation 16:
 [ 1.  -1.   0.   0. ]
 [ 0.  -1.   0.   0. ]
 [ 0.   0.   1.   0.5]
Operation 17:
 [0.  1.  0.  0. ]
 [1.  0.  0.  0. ]
 [0.  0.  1.  0.5]
Operation 18:
 [-1.   0.   0.   0. ]
 [-1.   1.   0.   0. ]
 [ 0.   0.   1.   0.5]
Operation 19:
 [ 1  0  0  0]
 [ 0  1  0  0]
 [ 0  0 -1  0]
Operation 20:
 [ 0 -1  0  0]
 [ 1 -1  0  0]
 [ 0  0 -1  0]
Operation 21:
 [-1  1  0  0]
 [-1  0  0  0]
 [ 0  0 -1  0]
Operation 22:
 [-1.   1.   0.   0. ]
 [ 0.   1.   0.   0. ]
 [ 0.   0.   1.   0.5]
Operation 23:
 [ 0.  -1.   0.   0. ]
 [-1.   0.   0.   0. ]
 [ 0.   0.   1.   0.5]
Operation 24:
 [ 1.   0.   0.   0. ]
 [ 1.  -1.   0.   0. ]
 [ 0.   0.   1.   0.5]

Irreducible representation:
GM1 {1}: [1 1 1 1 1 1 1 1 1 1 1 1 1 1 1 1 1 1 1 1 1 1 1 1]
GM2 {2}: [ 1  1  1 -1 -1 -1  1  1  1 -1 -1 -1  1  1  1 -1 -1 -1  1  1  1 -1 -1 -1]
GM3 {3}: [ 2 -1 -1  0  0  0  2 -1 -1  0  0  0  2 -1 -1  0  0  0  2 -1 -1  0  0  0]
GM4 {4}: [ 1  1  1  1  1  1 -1 -1 -1 -1 -1 -1  1  1  1  1  1  1 -1 -1 -1 -1 -1 -1]
GM5 {5}: [ 1  1  1 -1 -1 -1 -1 -1 -1  1  1  1  1  1  1 -1 -1 -1 -1 -1 -1  1  1  1]
GM6 {6}: [ 2 -1 -1  0  0  0 -2  1  1  0  0  0  2 -1 -1  0  0  0 -2  1  1  0  0  0]
GM7 {7}: [ 1  1  1  1  1  1  1  1  1  1  1  1 -1 -1 -1 -1 -1 -1 -1 -1 -1 -1 -1 -1]
GM8 {8}: [ 1  1  1 -1 -1 -1  1  1  1 -1 -1 -1 -1 -1 -1  1  1  1 -1 -1 -1  1  1  1]
GM9 {9}: [ 2 -1 -1  0  0  0  2 -1 -1  0  0  0 -2  1  1  0  0  0 -2  1  1  0  0  0]
GM10 {10}: [ 1  1  1  1  1  1 -1 -1 -1 -1 -1 -1 -1 -1 -1 -1 -1 -1  1  1  1  1  1  1]
GM11 {11}: [ 1  1  1 -1 -1 -1 -1 -1 -1  1  1  1 -1 -1 -1  1  1  1  1  1  1 -1 -1 -1]
GM12 {12}: [ 2 -1 -1  0  0  0 -2  1  1  0  0  0 -2  1  1  0  0  0  2 -1 -1  0  0  0]
----------------------------------------------------------------------------
HSP: H
k (prim): (1/3, 1/3, 1/2)
k (conv): (1/3, 1/3, 1/2)

Little group operation matrix (prim):
Operation 1:
 [1 0 0 0]
 [0 1 0 0]
 [0 0 1 0]
Operation 2:
 [-1  1  0  0]
 [-1  0  0  0]
 [ 0  0  1  0]
Operation 3:
 [ 0 -1  0  0]
 [ 1 -1  0  0]
 [ 0  0  1  0]
Operation 4:
 [ 1.  -1.   0.   0. ]
 [ 0.  -1.   0.   0. ]
 [ 0.   0.  -1.   0.5]
Operation 5:
 [-1.   0.   0.   0. ]
 [-1.   1.   0.   0. ]
 [ 0.   0.  -1.   0.5]
Operation 6:
 [ 0.   1.   0.   0. ]
 [ 1.   0.   0.   0. ]
 [ 0.   0.  -1.   0.5]
Operation 7:
 [ 1.  -1.   0.   0. ]
 [ 0.  -1.   0.   0. ]
 [ 0.   0.   1.  -0.5]
Operation 8:
 [-1.   0.   0.   0. ]
 [-1.   1.   0.   0. ]
 [ 0.   0.   1.  -0.5]
Operation 9:
 [ 0.   1.   0.   0. ]
 [ 1.   0.   0.   0. ]
 [ 0.   0.   1.  -0.5]
Operation 10:
 [ 1  0  0  0]
 [ 0  1  0  0]
 [ 0  0 -1  0]
Operation 11:
 [-1  1  0  0]
 [-1  0  0  0]
 [ 0  0 -1  0]
Operation 12:
 [ 0 -1  0  0]
 [ 1 -1  0  0]
 [ 0  0 -1  0]

Irreducible representation:
H1 {1,2}: [ 4 -2 -2  0  0  0  0  0  0  0  0  0]
H2 {3}: [2 2 2 0 0 0 0 0 0 0 0 0]
----------------------------------------------------------------------------
HSP: K
k (prim): (1/3, 1/3, 0)
k (conv): (1/3, 1/3, 0)

Little group operation matrix (prim):
Operation 1:
 [1 0 0 0]
 [0 1 0 0]
 [0 0 1 0]
Operation 2:
 [-1  1  0  0]
 [-1  0  0  0]
 [ 0  0  1  0]
Operation 3:
 [ 0 -1  0  0]
 [ 1 -1  0  0]
 [ 0  0  1  0]
Operation 4:
 [ 1.  -1.   0.   0. ]
 [ 0.  -1.   0.   0. ]
 [ 0.   0.  -1.   0.5]
Operation 5:
 [-1.   0.   0.   0. ]
 [-1.   1.   0.   0. ]
 [ 0.   0.  -1.   0.5]
Operation 6:
 [ 0.   1.   0.   0. ]
 [ 1.   0.   0.   0. ]
 [ 0.   0.  -1.   0.5]
Operation 7:
 [ 1.  -1.   0.   0. ]
 [ 0.  -1.   0.   0. ]
 [ 0.   0.   1.  -0.5]
Operation 8:
 [-1.   0.   0.   0. ]
 [-1.   1.   0.   0. ]
 [ 0.   0.   1.  -0.5]
Operation 9:
 [ 0.   1.   0.   0. ]
 [ 1.   0.   0.   0. ]
 [ 0.   0.   1.  -0.5]
Operation 10:
 [ 1  0  0  0]
 [ 0  1  0  0]
 [ 0  0 -1  0]
Operation 11:
 [-1  1  0  0]
 [-1  0  0  0]
 [ 0  0 -1  0]
Operation 12:
 [ 0 -1  0  0]
 [ 1 -1  0  0]
 [ 0  0 -1  0]

Irreducible representation:
K1 {1}: [1 1 1 1 1 1 1 1 1 1 1 1]
K2 {2}: [ 1  1  1 -1 -1 -1 -1 -1 -1  1  1  1]
K3 {3}: [ 1  1  1  1  1  1 -1 -1 -1 -1 -1 -1]
K4 {4}: [ 1  1  1 -1 -1 -1  1  1  1 -1 -1 -1]
K5 {5}: [ 2 -1 -1  0  0  0  0  0  0  2 -1 -1]
K6 {6}: [ 2 -1 -1  0  0  0  0  0  0 -2  1  1]
----------------------------------------------------------------------------
HSP: L
k (prim): (1/2, 0, 1/2)
k (conv): (1/2, 0, 1/2)

Little group operation matrix (prim):
Operation 1:
 [1 0 0 0]
 [0 1 0 0]
 [0 0 1 0]
Operation 2:
 [ 1.   0.   0.   0. ]
 [ 1.  -1.   0.   0. ]
 [ 0.   0.  -1.   0.5]
Operation 3:
 [-1  0  0  0]
 [ 0 -1  0  0]
 [ 0  0  1  0]
Operation 4:
 [-1.   0.   0.   0. ]
 [-1.   1.   0.   0. ]
 [ 0.   0.  -1.   0.5]
Operation 5:
 [-1  0  0  0]
 [ 0 -1  0  0]
 [ 0  0 -1  0]
Operation 6:
 [-1.   0.   0.   0. ]
 [-1.   1.   0.   0. ]
 [ 0.   0.   1.   0.5]
Operation 7:
 [ 1  0  0  0]
 [ 0  1  0  0]
 [ 0  0 -1  0]
Operation 8:
 [ 1.   0.   0.   0. ]
 [ 1.  -1.   0.   0. ]
 [ 0.   0.   1.   0.5]

Irreducible representation:
L1 {1}: [2 0 2 0 0 0 0 0]
L2 {2}: [ 2  0 -2  0  0  0  0  0]
----------------------------------------------------------------------------
HSP: M
k (prim): (1/2, 0, 0)
k (conv): (1/2, 0, 0)

Little group operation matrix (prim):
Operation 1:
 [1 0 0 0]
 [0 1 0 0]
 [0 0 1 0]
Operation 2:
 [ 1.   0.   0.   0. ]
 [ 1.  -1.   0.   0. ]
 [ 0.   0.  -1.   0.5]
Operation 3:
 [-1  0  0  0]
 [ 0 -1  0  0]
 [ 0  0  1  0]
Operation 4:
 [-1.   0.   0.   0. ]
 [-1.   1.   0.   0. ]
 [ 0.   0.  -1.   0.5]
Operation 5:
 [-1  0  0  0]
 [ 0 -1  0  0]
 [ 0  0 -1  0]
Operation 6:
 [-1.   0.   0.   0. ]
 [-1.   1.   0.   0. ]
 [ 0.   0.   1.   0.5]
Operation 7:
 [ 1  0  0  0]
 [ 0  1  0  0]
 [ 0  0 -1  0]
Operation 8:
 [ 1.   0.   0.   0. ]
 [ 1.  -1.   0.   0. ]
 [ 0.   0.   1.   0.5]

Irreducible representation:
M1 {1}: [1 1 1 1 1 1 1 1]
M2 {2}: [ 1 -1 -1  1  1 -1 -1  1]
M3 {3}: [ 1 -1  1 -1  1 -1  1 -1]
M4 {4}: [ 1  1 -1 -1  1  1 -1 -1]
M5 {5}: [ 1  1  1  1 -1 -1 -1 -1]
M6 {6}: [ 1 -1 -1  1 -1  1  1 -1]
M7 {7}: [ 1 -1  1 -1 -1  1 -1  1]
M8 {8}: [ 1  1 -1 -1 -1 -1  1  1]
----------------------------------------------------------------------------
