Bravais Lattice: Cubic primitive lattice
Space group number: 198
Irreducible representation data of high-symmetry points:

----------------------------------------------------------------------------
HSP: GM
k (prim): (0, 0, 0)
k (conv): (0, 0, 0)

Little group operation matrix (prim):
Operation 1:
 [1 0 0 0]
 [0 1 0 0]
 [0 0 1 0]
Operation 2:
 [-1.   0.   0.   0.5]
 [ 0.  -1.   0.   0. ]
 [ 0.   0.   1.   0.5]
Operation 3:
 [-1.   0.   0.   0. ]
 [ 0.   1.   0.   0.5]
 [ 0.   0.  -1.   0.5]
Operation 4:
 [ 1.   0.   0.   0.5]
 [ 0.  -1.   0.  -0.5]
 [ 0.   0.  -1.   0. ]
Operation 5:
 [0 0 1 0]
 [1 0 0 0]
 [0 1 0 0]
Operation 6:
 [ 0.   0.   1.   0.5]
 [-1.   0.   0.   0.5]
 [ 0.  -1.   0.   0. ]
Operation 7:
 [ 0.   0.  -1.   0.5]
 [-1.   0.   0.   0. ]
 [ 0.   1.   0.   0.5]
Operation 8:
 [ 0.   0.  -1.   0. ]
 [ 1.   0.   0.   0.5]
 [ 0.  -1.   0.  -0.5]
Operation 9:
 [0 1 0 0]
 [0 0 1 0]
 [1 0 0 0]
Operation 10:
 [ 0.  -1.   0.   0. ]
 [ 0.   0.   1.   0.5]
 [-1.   0.   0.   0.5]
Operation 11:
 [ 0.   1.   0.   0.5]
 [ 0.   0.  -1.   0.5]
 [-1.   0.   0.   0. ]
Operation 12:
 [ 0.  -1.   0.  -0.5]
 [ 0.   0.  -1.   0. ]
 [ 1.   0.   0.   0.5]

Irreducible representation:
GM1 {1}: [1 1 1 1 1 1 1 1 1 1 1 1]
GM2 {2,3}: [ 2  2  2  2 -1 -1 -1 -1 -1 -1 -1 -1]
GM3 {4}: [ 3 -1 -1 -1  0  0  0  0  0  0  0  0]
----------------------------------------------------------------------------
HSP: M
k (prim): (1/2, 1/2, 0)
k (conv): (1/2, 1/2, 0)

Little group operation matrix (prim):
Operation 1:
 [1 0 0 0]
 [0 1 0 0]
 [0 0 1 0]
Operation 2:
 [-1.   0.   0.   0.5]
 [ 0.  -1.   0.   0. ]
 [ 0.   0.   1.   0.5]
Operation 3:
 [-1.   0.   0.   0. ]
 [ 0.   1.   0.   0.5]
 [ 0.   0.  -1.   0.5]
Operation 4:
 [ 1.   0.   0.   0.5]
 [ 0.  -1.   0.  -0.5]
 [ 0.   0.  -1.   0. ]

Irreducible representation:
M1 {1,2}: [2.+0.j 0.+2.j 0.+0.j 0.+0.j]
M2 {3,4}: [ 2.+0.j -0.-2.j  0.+0.j  0.+0.j]
----------------------------------------------------------------------------
HSP: R
k (prim): (1/2, 1/2, 1/2)
k (conv): (1/2, 1/2, 1/2)

Little group operation matrix (prim):
Operation 1:
 [1 0 0 0]
 [0 1 0 0]
 [0 0 1 0]
Operation 2:
 [-1.   0.   0.   0.5]
 [ 0.  -1.   0.   0. ]
 [ 0.   0.   1.   0.5]
Operation 3:
 [-1.   0.   0.   0. ]
 [ 0.   1.   0.   0.5]
 [ 0.   0.  -1.   0.5]
Operation 4:
 [ 1.   0.   0.   0.5]
 [ 0.  -1.   0.  -0.5]
 [ 0.   0.  -1.   0. ]
Operation 5:
 [0 0 1 0]
 [1 0 0 0]
 [0 1 0 0]
Operation 6:
 [ 0.   0.   1.   0.5]
 [-1.   0.   0.   0.5]
 [ 0.  -1.   0.   0. ]
Operation 7:
 [ 0.   0.  -1.   0.5]
 [-1.   0.   0.   0. ]
 [ 0.   1.   0.   0.5]
Operation 8:
 [ 0.   0.  -1.   0. ]
 [ 1.   0.   0.   0.5]
 [ 0.  -1.   0.  -0.5]
Operation 9:
 [0 1 0 0]
 [0 0 1 0]
 [1 0 0 0]
Operation 10:
 [ 0.  -1.   0.   0. ]
 [ 0.   0.   1.   0.5]
 [-1.   0.   0.   0.5]
Operation 11:
 [ 0.   1.   0.   0.5]
 [ 0.   0.  -1.   0.5]
 [-1.   0.   0.   0. ]
Operation 12:
 [ 0.  -1.   0.  -0.5]
 [ 0.   0.  -1.   0. ]
 [ 1.   0.   0.   0.5]

Irreducible representation:
R1 {1,1}: [ 4  0  0  0 -2  2  2  2 -2 -2 -2 -2]
R2 {2,3}: [ 4  0  0  0  1 -1 -1 -1  1  1  1  1]
----------------------------------------------------------------------------
HSP: X
k (prim): (0, 1/2, 0)
k (conv): (0, 1/2, 0)

Little group operation matrix (prim):
Operation 1:
 [1 0 0 0]
 [0 1 0 0]
 [0 0 1 0]
Operation 2:
 [-1.   0.   0.   0.5]
 [ 0.  -1.   0.   0. ]
 [ 0.   0.   1.   0.5]
Operation 3:
 [-1.   0.   0.   0. ]
 [ 0.   1.   0.   0.5]
 [ 0.   0.  -1.   0.5]
Operation 4:
 [ 1.   0.   0.   0.5]
 [ 0.  -1.   0.  -0.5]
 [ 0.   0.  -1.   0. ]

Irreducible representation:
X1 {1}: [2 0 0 0]
----------------------------------------------------------------------------
