Bravais Lattice: Cubic body-centered lattice
Space group number: 199
Irreducible representation data of high-symmetry points:

----------------------------------------------------------------------------
HSP: GM
k (prim): (0, 0, 0)
k (conv): (0, 0, 0)

Little group operation matrix (prim):
Operation 1:
 [1 0 0 0]
 [0 1 0 0]
 [0 0 1 0]
Operation 2:
 [ 0.   1.  -1.   0.5]
 [ 1.   0.  -1.   0. ]
 [ 0.   0.  -1.   0.5]
Operation 3:
 [ 0.  -1.   1.   0. ]
 [ 0.  -1.   0.   0.5]
 [ 1.  -1.   0.   0.5]
Operation 4:
 [-1.   0.   0.   0.5]
 [-1.   0.   1.  -0.5]
 [-1.   1.   0.   0. ]
Operation 5:
 [0 0 1 0]
 [1 0 0 0]
 [0 1 0 0]
Operation 6:
 [ 0.   0.  -1.   0.5]
 [ 0.   1.  -1.   0.5]
 [ 1.   0.  -1.   0. ]
Operation 7:
 [ 1.  -1.   0.   0.5]
 [ 0.  -1.   1.   0. ]
 [ 0.  -1.   0.   0.5]
Operation 8:
 [-1.   1.   0.   0. ]
 [-1.   0.   0.   0.5]
 [-1.   0.   1.  -0.5]
Operation 9:
 [0 1 0 0]
 [0 0 1 0]
 [1 0 0 0]
Operation 10:
 [ 1.   0.  -1.   0. ]
 [ 0.   0.  -1.   0.5]
 [ 0.   1.  -1.   0.5]
Operation 11:
 [ 0.  -1.   0.   0.5]
 [ 1.  -1.   0.   0.5]
 [ 0.  -1.   1.   0. ]
Operation 12:
 [-1.   0.   1.  -0.5]
 [-1.   1.   0.   0. ]
 [-1.   0.   0.   0.5]

Irreducible representation:
GM1 {1}: [1 1 1 1 1 1 1 1 1 1 1 1]
GM2 {2,3}: [ 2  2  2  2 -1 -1 -1 -1 -1 -1 -1 -1]
GM3 {4}: [ 3 -1 -1 -1  0  0  0  0  0  0  0  0]
----------------------------------------------------------------------------
HSP: H
k (prim): (1/2, 1/2, 1/2)
k (conv): (1, 1, 1)

Little group operation matrix (prim):
Operation 1:
 [1 0 0 0]
 [0 1 0 0]
 [0 0 1 0]
Operation 2:
 [ 0.   1.  -1.   0.5]
 [ 1.   0.  -1.   0. ]
 [ 0.   0.  -1.   0.5]
Operation 3:
 [ 0.  -1.   1.   0. ]
 [ 0.  -1.   0.   0.5]
 [ 1.  -1.   0.   0.5]
Operation 4:
 [-1.   0.   0.   0.5]
 [-1.   0.   1.  -0.5]
 [-1.   1.   0.   0. ]
Operation 5:
 [0 0 1 0]
 [1 0 0 0]
 [0 1 0 0]
Operation 6:
 [ 0.   0.  -1.   0.5]
 [ 0.   1.  -1.   0.5]
 [ 1.   0.  -1.   0. ]
Operation 7:
 [ 1.  -1.   0.   0.5]
 [ 0.  -1.   1.   0. ]
 [ 0.  -1.   0.   0.5]
Operation 8:
 [-1.   1.   0.   0. ]
 [-1.   0.   0.   0.5]
 [-1.   0.   1.  -0.5]
Operation 9:
 [0 1 0 0]
 [0 0 1 0]
 [1 0 0 0]
Operation 10:
 [ 1.   0.  -1.   0. ]
 [ 0.   0.  -1.   0.5]
 [ 0.   1.  -1.   0.5]
Operation 11:
 [ 0.  -1.   0.   0.5]
 [ 1.  -1.   0.   0.5]
 [ 0.  -1.   1.   0. ]
Operation 12:
 [-1.   0.   1.  -0.5]
 [-1.   1.   0.   0. ]
 [-1.   0.   0.   0.5]

Irreducible representation:
H1 {1}: [1 1 1 1 1 1 1 1 1 1 1 1]
H2 {2,3}: [ 2  2  2  2 -1 -1 -1 -1 -1 -1 -1 -1]
H3 {4}: [ 3 -1 -1 -1  0  0  0  0  0  0  0  0]
----------------------------------------------------------------------------
HSP: N
k (prim): (0, 0, 1/2)
k (conv): (1/2, 1/2, 0)

Little group operation matrix (prim):
Operation 1:
 [1 0 0 0]
 [0 1 0 0]
 [0 0 1 0]
Operation 2:
 [ 0.   1.  -1.   0.5]
 [ 1.   0.  -1.   0. ]
 [ 0.   0.  -1.   0.5]

Irreducible representation:
N1 {1}: [1.+0.j 0.+1.j]
N2 {2}: [ 1.+0.j -0.-1.j]
----------------------------------------------------------------------------
HSP: PA
k (prim): (-1/4, -1/4, -1/4)
k (conv): (-1/2, -1/2, -1/2)

Little group operation matrix (prim):
Operation 1:
 [1 0 0 0]
 [0 1 0 0]
 [0 0 1 0]
Operation 2:
 [ 0.   1.  -1.   0.5]
 [ 1.   0.  -1.   0. ]
 [ 0.   0.  -1.   0.5]
Operation 3:
 [ 0.  -1.   1.   0. ]
 [ 0.  -1.   0.   0.5]
 [ 1.  -1.   0.   0.5]
Operation 4:
 [-1.   0.   0.   0.5]
 [-1.   0.   1.  -0.5]
 [-1.   1.   0.   0. ]
Operation 5:
 [0 0 1 0]
 [1 0 0 0]
 [0 1 0 0]
Operation 6:
 [ 0.   0.  -1.   0.5]
 [ 0.   1.  -1.   0.5]
 [ 1.   0.  -1.   0. ]
Operation 7:
 [ 1.  -1.   0.   0.5]
 [ 0.  -1.   1.   0. ]
 [ 0.  -1.   0.   0.5]
Operation 8:
 [-1.   1.   0.   0. ]
 [-1.   0.   0.   0.5]
 [-1.   0.   1.  -0.5]
Operation 9:
 [0 1 0 0]
 [0 0 1 0]
 [1 0 0 0]
Operation 10:
 [ 1.   0.  -1.   0. ]
 [ 0.   0.  -1.   0.5]
 [ 0.   1.  -1.   0.5]
Operation 11:
 [ 0.  -1.   0.   0.5]
 [ 1.  -1.   0.   0.5]
 [ 0.  -1.   1.   0. ]
Operation 12:
 [-1.   0.   1.  -0.5]
 [-1.   1.   0.   0. ]
 [-1.   0.   0.   0.5]

Irreducible representation:
PA1 1: [ 2  0  0  0 -1  1  1  1 -1 -1 -1 -1]
PA2 2: [ 2. +0.j         0. +0.j         0. +0.j         0. +0.j  0.5+0.8660254j -0.5-0.8660254j -0.5-0.8660254j -0.5-0.8660254j  0.5-0.8660254j  0.5-0.8660254j  0.5-0.8660254j  0.5-0.8660254j]
PA3 3: [ 2. +0.j         0. +0.j         0. +0.j         0. +0.j  0.5-0.8660254j -0.5+0.8660254j -0.5+0.8660254j -0.5+0.8660254j  0.5+0.8660254j  0.5+0.8660254j  0.5+0.8660254j  0.5+0.8660254j]
----------------------------------------------------------------------------
