Bravais Lattice: Cubic face-centered lattice
Space group number: 202
Irreducible representation data of high-symmetry points:

----------------------------------------------------------------------------
HSP: GM
k (prim): (0, 0, 0)
k (conv): (0, 0, 0)

Little group operation matrix (prim):
Operation 1:
 [1 0 0 0]
 [0 1 0 0]
 [0 0 1 0]
Operation 2:
 [ 0  1  0  0]
 [ 1  0  0  0]
 [-1 -1 -1  0]
Operation 3:
 [ 0  0  1  0]
 [-1 -1 -1  0]
 [ 1  0  0  0]
Operation 4:
 [-1 -1 -1  0]
 [ 0  0  1  0]
 [ 0  1  0  0]
Operation 5:
 [0 0 1 0]
 [1 0 0 0]
 [0 1 0 0]
Operation 6:
 [-1 -1 -1  0]
 [ 0  1  0  0]
 [ 1  0  0  0]
Operation 7:
 [ 1  0  0  0]
 [ 0  0  1  0]
 [-1 -1 -1  0]
Operation 8:
 [ 0  1  0  0]
 [-1 -1 -1  0]
 [ 0  0  1  0]
Operation 9:
 [0 1 0 0]
 [0 0 1 0]
 [1 0 0 0]
Operation 10:
 [ 1  0  0  0]
 [-1 -1 -1  0]
 [ 0  1  0  0]
Operation 11:
 [-1 -1 -1  0]
 [ 1  0  0  0]
 [ 0  0  1  0]
Operation 12:
 [ 0  0  1  0]
 [ 0  1  0  0]
 [-1 -1 -1  0]
Operation 13:
 [-1  0  0  0]
 [ 0 -1  0  0]
 [ 0  0 -1  0]
Operation 14:
 [ 0 -1  0  0]
 [-1  0  0  0]
 [ 1  1  1  0]
Operation 15:
 [ 0  0 -1  0]
 [ 1  1  1  0]
 [-1  0  0  0]
Operation 16:
 [ 1  1  1  0]
 [ 0  0 -1  0]
 [ 0 -1  0  0]
Operation 17:
 [ 0  0 -1  0]
 [-1  0  0  0]
 [ 0 -1  0  0]
Operation 18:
 [ 1  1  1  0]
 [ 0 -1  0  0]
 [-1  0  0  0]
Operation 19:
 [-1  0  0  0]
 [ 0  0 -1  0]
 [ 1  1  1  0]
Operation 20:
 [ 0 -1  0  0]
 [ 1  1  1  0]
 [ 0  0 -1  0]
Operation 21:
 [ 0 -1  0  0]
 [ 0  0 -1  0]
 [-1  0  0  0]
Operation 22:
 [-1  0  0  0]
 [ 1  1  1  0]
 [ 0 -1  0  0]
Operation 23:
 [ 1  1  1  0]
 [-1  0  0  0]
 [ 0  0 -1  0]
Operation 24:
 [ 0  0 -1  0]
 [ 0 -1  0  0]
 [ 1  1  1  0]

Irreducible representation:
GM1 {1}: [1 1 1 1 1 1 1 1 1 1 1 1 1 1 1 1 1 1 1 1 1 1 1 1]
GM2 {2,3}: [ 2  2  2  2 -1 -1 -1 -1 -1 -1 -1 -1  2  2  2  2 -1 -1 -1 -1 -1 -1 -1 -1]
GM3 {4}: [ 3 -1 -1 -1  0  0  0  0  0  0  0  0  3 -1 -1 -1  0  0  0  0  0  0  0  0]
GM4 {5}: [ 1  1  1  1  1  1  1  1  1  1  1  1 -1 -1 -1 -1 -1 -1 -1 -1 -1 -1 -1 -1]
GM5 {6,7}: [ 2  2  2  2 -1 -1 -1 -1 -1 -1 -1 -1 -2 -2 -2 -2  1  1  1  1  1  1  1  1]
GM6 {8}: [ 3 -1 -1 -1  0  0  0  0  0  0  0  0 -3  1  1  1  0  0  0  0  0  0  0  0]
----------------------------------------------------------------------------
HSP: L
k (prim): (1/2, 1/2, 1/2)
k (conv): (1/2, 1/2, 1/2)

Little group operation matrix (prim):
Operation 1:
 [1 0 0 0]
 [0 1 0 0]
 [0 0 1 0]
Operation 2:
 [0 0 1 0]
 [1 0 0 0]
 [0 1 0 0]
Operation 3:
 [0 1 0 0]
 [0 0 1 0]
 [1 0 0 0]
Operation 4:
 [-1  0  0  0]
 [ 0 -1  0  0]
 [ 0  0 -1  0]
Operation 5:
 [ 0  0 -1  0]
 [-1  0  0  0]
 [ 0 -1  0  0]
Operation 6:
 [ 0 -1  0  0]
 [ 0  0 -1  0]
 [-1  0  0  0]

Irreducible representation:
L1 {1}: [1 1 1 1 1 1]
L2 {2,6}: [ 2 -1 -1 -2  1  1]
L3 {3,5}: [ 2 -1 -1  2 -1 -1]
L4 {4}: [ 1  1  1 -1 -1 -1]
----------------------------------------------------------------------------
HSP: W
k (prim): (1/2, 1/4, 3/4)
k (conv): (1/2, 1, 0)

Little group operation matrix (prim):
Operation 1:
 [1 0 0 0]
 [0 1 0 0]
 [0 0 1 0]
Operation 2:
 [-1 -1 -1  0]
 [ 0  0  1  0]
 [ 0  1  0  0]
Operation 3:
 [ 0 -1  0  0]
 [-1  0  0  0]
 [ 1  1  1  0]
Operation 4:
 [ 0  0 -1  0]
 [ 1  1  1  0]
 [-1  0  0  0]

Irreducible representation:
W1 {1}: [1 1 1 1]
W2 {2}: [ 1  1 -1 -1]
W3 {3}: [ 1 -1  1 -1]
W4 {4}: [ 1 -1 -1  1]
----------------------------------------------------------------------------
HSP: X
k (prim): (1/2, 0, 1/2)
k (conv): (0, 1, 0)

Little group operation matrix (prim):
Operation 1:
 [1 0 0 0]
 [0 1 0 0]
 [0 0 1 0]
Operation 2:
 [ 0  1  0  0]
 [ 1  0  0  0]
 [-1 -1 -1  0]
Operation 3:
 [ 0  0  1  0]
 [-1 -1 -1  0]
 [ 1  0  0  0]
Operation 4:
 [-1 -1 -1  0]
 [ 0  0  1  0]
 [ 0  1  0  0]
Operation 5:
 [-1  0  0  0]
 [ 0 -1  0  0]
 [ 0  0 -1  0]
Operation 6:
 [ 0 -1  0  0]
 [-1  0  0  0]
 [ 1  1  1  0]
Operation 7:
 [ 0  0 -1  0]
 [ 1  1  1  0]
 [-1  0  0  0]
Operation 8:
 [ 1  1  1  0]
 [ 0  0 -1  0]
 [ 0 -1  0  0]

Irreducible representation:
X1 {1}: [1 1 1 1 1 1 1 1]
X2 {2}: [ 1 -1  1 -1  1 -1  1 -1]
X3 {3}: [ 1  1 -1 -1  1  1 -1 -1]
X4 {4}: [ 1 -1 -1  1  1 -1 -1  1]
X5 {5}: [ 1  1  1  1 -1 -1 -1 -1]
X6 {6}: [ 1 -1  1 -1 -1  1 -1  1]
X7 {7}: [ 1  1 -1 -1 -1 -1  1  1]
X8 {8}: [ 1 -1 -1  1 -1  1  1 -1]
----------------------------------------------------------------------------
