Bravais Lattice: Cubic face-centered lattice
Space group number: 203
Irreducible representation data of high-symmetry points:

----------------------------------------------------------------------------
HSP: GM
k (prim): (0, 0, 0)
k (conv): (0, 0, 0)

Little group operation matrix (prim):
Operation 1:
 [1 0 0 0]
 [0 1 0 0]
 [0 0 1 0]
Operation 2:
 [ 0  1  0  0]
 [ 1  0  0  0]
 [-1 -1 -1  0]
Operation 3:
 [ 0  0  1  0]
 [-1 -1 -1  0]
 [ 1  0  0  0]
Operation 4:
 [-1 -1 -1  0]
 [ 0  0  1  0]
 [ 0  1  0  0]
Operation 5:
 [0 0 1 0]
 [1 0 0 0]
 [0 1 0 0]
Operation 6:
 [-1 -1 -1  0]
 [ 0  1  0  0]
 [ 1  0  0  0]
Operation 7:
 [ 1  0  0  0]
 [ 0  0  1  0]
 [-1 -1 -1  0]
Operation 8:
 [ 0  1  0  0]
 [-1 -1 -1  0]
 [ 0  0  1  0]
Operation 9:
 [0 1 0 0]
 [0 0 1 0]
 [1 0 0 0]
Operation 10:
 [ 1  0  0  0]
 [-1 -1 -1  0]
 [ 0  1  0  0]
Operation 11:
 [-1 -1 -1  0]
 [ 1  0  0  0]
 [ 0  0  1  0]
Operation 12:
 [ 0  0  1  0]
 [ 0  1  0  0]
 [-1 -1 -1  0]
Operation 13:
 [-1.    0.    0.    0.25]
 [ 0.   -1.    0.    0.25]
 [ 0.    0.   -1.    0.25]
Operation 14:
 [ 0.   -1.    0.    0.25]
 [-1.    0.    0.    0.25]
 [ 1.    1.    1.    0.25]
Operation 15:
 [ 0.    0.   -1.    0.25]
 [ 1.    1.    1.    0.25]
 [-1.    0.    0.    0.25]
Operation 16:
 [ 1.    1.    1.    0.25]
 [ 0.    0.   -1.    0.25]
 [ 0.   -1.    0.    0.25]
Operation 17:
 [ 0.    0.   -1.    0.25]
 [-1.    0.    0.    0.25]
 [ 0.   -1.    0.    0.25]
Operation 18:
 [ 1.    1.    1.    0.25]
 [ 0.   -1.    0.    0.25]
 [-1.    0.    0.    0.25]
Operation 19:
 [-1.    0.    0.    0.25]
 [ 0.    0.   -1.    0.25]
 [ 1.    1.    1.    0.25]
Operation 20:
 [ 0.   -1.    0.    0.25]
 [ 1.    1.    1.    0.25]
 [ 0.    0.   -1.    0.25]
Operation 21:
 [ 0.   -1.    0.    0.25]
 [ 0.    0.   -1.    0.25]
 [-1.    0.    0.    0.25]
Operation 22:
 [-1.    0.    0.    0.25]
 [ 1.    1.    1.    0.25]
 [ 0.   -1.    0.    0.25]
Operation 23:
 [ 1.    1.    1.    0.25]
 [-1.    0.    0.    0.25]
 [ 0.    0.   -1.    0.25]
Operation 24:
 [ 0.    0.   -1.    0.25]
 [ 0.   -1.    0.    0.25]
 [ 1.    1.    1.    0.25]

Irreducible representation:
GM1 {1}: [1 1 1 1 1 1 1 1 1 1 1 1 1 1 1 1 1 1 1 1 1 1 1 1]
GM2 {2,3}: [ 2  2  2  2 -1 -1 -1 -1 -1 -1 -1 -1  2  2  2  2 -1 -1 -1 -1 -1 -1 -1 -1]
GM3 {4}: [ 3 -1 -1 -1  0  0  0  0  0  0  0  0  3 -1 -1 -1  0  0  0  0  0  0  0  0]
GM4 {5}: [ 1  1  1  1  1  1  1  1  1  1  1  1 -1 -1 -1 -1 -1 -1 -1 -1 -1 -1 -1 -1]
GM5 {6,7}: [ 2  2  2  2 -1 -1 -1 -1 -1 -1 -1 -1 -2 -2 -2 -2  1  1  1  1  1  1  1  1]
GM6 {8}: [ 3 -1 -1 -1  0  0  0  0  0  0  0  0 -3  1  1  1  0  0  0  0  0  0  0  0]
----------------------------------------------------------------------------
HSP: L
k (prim): (1/2, 1/2, 1/2)
k (conv): (1/2, 1/2, 1/2)

Little group operation matrix (prim):
Operation 1:
 [1 0 0 0]
 [0 1 0 0]
 [0 0 1 0]
Operation 2:
 [0 0 1 0]
 [1 0 0 0]
 [0 1 0 0]
Operation 3:
 [0 1 0 0]
 [0 0 1 0]
 [1 0 0 0]
Operation 4:
 [-1.    0.    0.    0.25]
 [ 0.   -1.    0.    0.25]
 [ 0.    0.   -1.    0.25]
Operation 5:
 [ 0.    0.   -1.    0.25]
 [-1.    0.    0.    0.25]
 [ 0.   -1.    0.    0.25]
Operation 6:
 [ 0.   -1.    0.    0.25]
 [ 0.    0.   -1.    0.25]
 [-1.    0.    0.    0.25]

Irreducible representation:
L1 {1}: [ 1.        +0.j          1.        +0.j          1.        +0.j -0.70710678+0.70710678j -0.70710678+0.70710678j -0.70710678+0.70710678j]
L2 {2,6}: [ 2.        +0.j         -1.        +0.j         -1.        +0.j  1.41421356-1.41421356j -0.70710678+0.70710678j -0.70710678+0.70710678j]
L3 {3,5}: [ 2.        +0.j         -1.        +0.j         -1.        +0.j -1.41421356+1.41421356j  0.70710678-0.70710678j  0.70710678-0.70710678j]
L4 {4}: [1.        +0.j         1.        +0.j         1.        +0.j 0.70710678-0.70710678j 0.70710678-0.70710678j 0.70710678-0.70710678j]
----------------------------------------------------------------------------
HSP: W
k (prim): (1/2, 1/4, 3/4)
k (conv): (1/2, 1, 0)

Little group operation matrix (prim):
Operation 1:
 [1 0 0 0]
 [0 1 0 0]
 [0 0 1 0]
Operation 2:
 [-1 -1 -1  0]
 [ 0  0  1  0]
 [ 0  1  0  0]
Operation 3:
 [ 0.   -1.    0.    0.25]
 [-1.    0.    0.    0.25]
 [ 1.    1.    1.    0.25]
Operation 4:
 [ 0.    0.   -1.    0.25]
 [ 1.    1.    1.    0.25]
 [-1.    0.    0.    0.25]

Irreducible representation:
W1 {1}: [2 0 0 0]
----------------------------------------------------------------------------
HSP: X
k (prim): (1/2, 0, 1/2)
k (conv): (0, 1, 0)

Little group operation matrix (prim):
Operation 1:
 [1 0 0 0]
 [0 1 0 0]
 [0 0 1 0]
Operation 2:
 [ 0  1  0  0]
 [ 1  0  0  0]
 [-1 -1 -1  0]
Operation 3:
 [ 0  0  1  0]
 [-1 -1 -1  0]
 [ 1  0  0  0]
Operation 4:
 [-1 -1 -1  0]
 [ 0  0  1  0]
 [ 0  1  0  0]
Operation 5:
 [-1.    0.    0.    0.25]
 [ 0.   -1.    0.    0.25]
 [ 0.    0.   -1.    0.25]
Operation 6:
 [ 0.   -1.    0.    0.25]
 [-1.    0.    0.    0.25]
 [ 1.    1.    1.    0.25]
Operation 7:
 [ 0.    0.   -1.    0.25]
 [ 1.    1.    1.    0.25]
 [-1.    0.    0.    0.25]
Operation 8:
 [ 1.    1.    1.    0.25]
 [ 0.    0.   -1.    0.25]
 [ 0.   -1.    0.    0.25]

Irreducible representation:
X1 {1}: [2 0 2 0 0 0 0 0]
X2 {2}: [ 2  0 -2  0  0  0  0  0]
----------------------------------------------------------------------------
