Bravais Lattice: Cubic body-centered lattice
Space group number: 204
Irreducible representation data of high-symmetry points:

----------------------------------------------------------------------------
HSP: GM
k (prim): (0, 0, 0)
k (conv): (0, 0, 0)

Little group operation matrix (prim):
Operation 1:
 [1 0 0 0]
 [0 1 0 0]
 [0 0 1 0]
Operation 2:
 [ 0  1 -1  0]
 [ 1  0 -1  0]
 [ 0  0 -1  0]
Operation 3:
 [ 0 -1  1  0]
 [ 0 -1  0  0]
 [ 1 -1  0  0]
Operation 4:
 [-1  0  0  0]
 [-1  0  1  0]
 [-1  1  0  0]
Operation 5:
 [0 0 1 0]
 [1 0 0 0]
 [0 1 0 0]
Operation 6:
 [ 0  0 -1  0]
 [ 0  1 -1  0]
 [ 1  0 -1  0]
Operation 7:
 [ 1 -1  0  0]
 [ 0 -1  1  0]
 [ 0 -1  0  0]
Operation 8:
 [-1  1  0  0]
 [-1  0  0  0]
 [-1  0  1  0]
Operation 9:
 [0 1 0 0]
 [0 0 1 0]
 [1 0 0 0]
Operation 10:
 [ 1  0 -1  0]
 [ 0  0 -1  0]
 [ 0  1 -1  0]
Operation 11:
 [ 0 -1  0  0]
 [ 1 -1  0  0]
 [ 0 -1  1  0]
Operation 12:
 [-1  0  1  0]
 [-1  1  0  0]
 [-1  0  0  0]
Operation 13:
 [-1  0  0  0]
 [ 0 -1  0  0]
 [ 0  0 -1  0]
Operation 14:
 [ 0 -1  1  0]
 [-1  0  1  0]
 [ 0  0  1  0]
Operation 15:
 [ 0  1 -1  0]
 [ 0  1  0  0]
 [-1  1  0  0]
Operation 16:
 [ 1  0  0  0]
 [ 1  0 -1  0]
 [ 1 -1  0  0]
Operation 17:
 [ 0  0 -1  0]
 [-1  0  0  0]
 [ 0 -1  0  0]
Operation 18:
 [ 0  0  1  0]
 [ 0 -1  1  0]
 [-1  0  1  0]
Operation 19:
 [-1  1  0  0]
 [ 0  1 -1  0]
 [ 0  1  0  0]
Operation 20:
 [ 1 -1  0  0]
 [ 1  0  0  0]
 [ 1  0 -1  0]
Operation 21:
 [ 0 -1  0  0]
 [ 0  0 -1  0]
 [-1  0  0  0]
Operation 22:
 [-1  0  1  0]
 [ 0  0  1  0]
 [ 0 -1  1  0]
Operation 23:
 [ 0  1  0  0]
 [-1  1  0  0]
 [ 0  1 -1  0]
Operation 24:
 [ 1  0 -1  0]
 [ 1 -1  0  0]
 [ 1  0  0  0]

Irreducible representation:
GM1 {1}: [1 1 1 1 1 1 1 1 1 1 1 1 1 1 1 1 1 1 1 1 1 1 1 1]
GM2 {2,3}: [ 2  2  2  2 -1 -1 -1 -1 -1 -1 -1 -1  2  2  2  2 -1 -1 -1 -1 -1 -1 -1 -1]
GM3 {4}: [ 3 -1 -1 -1  0  0  0  0  0  0  0  0  3 -1 -1 -1  0  0  0  0  0  0  0  0]
GM4 {5}: [ 1  1  1  1  1  1  1  1  1  1  1  1 -1 -1 -1 -1 -1 -1 -1 -1 -1 -1 -1 -1]
GM5 {6,7}: [ 2  2  2  2 -1 -1 -1 -1 -1 -1 -1 -1 -2 -2 -2 -2  1  1  1  1  1  1  1  1]
GM6 {8}: [ 3 -1 -1 -1  0  0  0  0  0  0  0  0 -3  1  1  1  0  0  0  0  0  0  0  0]
----------------------------------------------------------------------------
HSP: H
k (prim): (1/2, 1/2, 1/2)
k (conv): (1, 1, 1)

Little group operation matrix (prim):
Operation 1:
 [1 0 0 0]
 [0 1 0 0]
 [0 0 1 0]
Operation 2:
 [ 0  1 -1  0]
 [ 1  0 -1  0]
 [ 0  0 -1  0]
Operation 3:
 [ 0 -1  1  0]
 [ 0 -1  0  0]
 [ 1 -1  0  0]
Operation 4:
 [-1  0  0  0]
 [-1  0  1  0]
 [-1  1  0  0]
Operation 5:
 [0 0 1 0]
 [1 0 0 0]
 [0 1 0 0]
Operation 6:
 [ 0  0 -1  0]
 [ 0  1 -1  0]
 [ 1  0 -1  0]
Operation 7:
 [ 1 -1  0  0]
 [ 0 -1  1  0]
 [ 0 -1  0  0]
Operation 8:
 [-1  1  0  0]
 [-1  0  0  0]
 [-1  0  1  0]
Operation 9:
 [0 1 0 0]
 [0 0 1 0]
 [1 0 0 0]
Operation 10:
 [ 1  0 -1  0]
 [ 0  0 -1  0]
 [ 0  1 -1  0]
Operation 11:
 [ 0 -1  0  0]
 [ 1 -1  0  0]
 [ 0 -1  1  0]
Operation 12:
 [-1  0  1  0]
 [-1  1  0  0]
 [-1  0  0  0]
Operation 13:
 [-1  0  0  0]
 [ 0 -1  0  0]
 [ 0  0 -1  0]
Operation 14:
 [ 0 -1  1  0]
 [-1  0  1  0]
 [ 0  0  1  0]
Operation 15:
 [ 0  1 -1  0]
 [ 0  1  0  0]
 [-1  1  0  0]
Operation 16:
 [ 1  0  0  0]
 [ 1  0 -1  0]
 [ 1 -1  0  0]
Operation 17:
 [ 0  0 -1  0]
 [-1  0  0  0]
 [ 0 -1  0  0]
Operation 18:
 [ 0  0  1  0]
 [ 0 -1  1  0]
 [-1  0  1  0]
Operation 19:
 [-1  1  0  0]
 [ 0  1 -1  0]
 [ 0  1  0  0]
Operation 20:
 [ 1 -1  0  0]
 [ 1  0  0  0]
 [ 1  0 -1  0]
Operation 21:
 [ 0 -1  0  0]
 [ 0  0 -1  0]
 [-1  0  0  0]
Operation 22:
 [-1  0  1  0]
 [ 0  0  1  0]
 [ 0 -1  1  0]
Operation 23:
 [ 0  1  0  0]
 [-1  1  0  0]
 [ 0  1 -1  0]
Operation 24:
 [ 1  0 -1  0]
 [ 1 -1  0  0]
 [ 1  0  0  0]

Irreducible representation:
H1 {1}: [1 1 1 1 1 1 1 1 1 1 1 1 1 1 1 1 1 1 1 1 1 1 1 1]
H2 {2,3}: [ 2  2  2  2 -1 -1 -1 -1 -1 -1 -1 -1  2  2  2  2 -1 -1 -1 -1 -1 -1 -1 -1]
H3 {4}: [ 3 -1 -1 -1  0  0  0  0  0  0  0  0  3 -1 -1 -1  0  0  0  0  0  0  0  0]
H4 {5}: [ 1  1  1  1  1  1  1  1  1  1  1  1 -1 -1 -1 -1 -1 -1 -1 -1 -1 -1 -1 -1]
H5 {6,7}: [ 2  2  2  2 -1 -1 -1 -1 -1 -1 -1 -1 -2 -2 -2 -2  1  1  1  1  1  1  1  1]
H6 {8}: [ 3 -1 -1 -1  0  0  0  0  0  0  0  0 -3  1  1  1  0  0  0  0  0  0  0  0]
----------------------------------------------------------------------------
HSP: N
k (prim): (0, 0, 1/2)
k (conv): (1/2, 1/2, 0)

Little group operation matrix (prim):
Operation 1:
 [1 0 0 0]
 [0 1 0 0]
 [0 0 1 0]
Operation 2:
 [ 0  1 -1  0]
 [ 1  0 -1  0]
 [ 0  0 -1  0]
Operation 3:
 [-1  0  0  0]
 [ 0 -1  0  0]
 [ 0  0 -1  0]
Operation 4:
 [ 0 -1  1  0]
 [-1  0  1  0]
 [ 0  0  1  0]

Irreducible representation:
N1 {1}: [1 1 1 1]
N2 {2}: [ 1  1 -1 -1]
N3 {3}: [ 1 -1  1 -1]
N4 {4}: [ 1 -1 -1  1]
----------------------------------------------------------------------------
HSP: P
k (prim): (1/4, 1/4, 1/4)
k (conv): (1/2, 1/2, 1/2)

Little group operation matrix (prim):
Operation 1:
 [1 0 0 0]
 [0 1 0 0]
 [0 0 1 0]
Operation 2:
 [ 0  1 -1  0]
 [ 1  0 -1  0]
 [ 0  0 -1  0]
Operation 3:
 [ 0 -1  1  0]
 [ 0 -1  0  0]
 [ 1 -1  0  0]
Operation 4:
 [-1  0  0  0]
 [-1  0  1  0]
 [-1  1  0  0]
Operation 5:
 [0 0 1 0]
 [1 0 0 0]
 [0 1 0 0]
Operation 6:
 [ 0  0 -1  0]
 [ 0  1 -1  0]
 [ 1  0 -1  0]
Operation 7:
 [ 1 -1  0  0]
 [ 0 -1  1  0]
 [ 0 -1  0  0]
Operation 8:
 [-1  1  0  0]
 [-1  0  0  0]
 [-1  0  1  0]
Operation 9:
 [0 1 0 0]
 [0 0 1 0]
 [1 0 0 0]
Operation 10:
 [ 1  0 -1  0]
 [ 0  0 -1  0]
 [ 0  1 -1  0]
Operation 11:
 [ 0 -1  0  0]
 [ 1 -1  0  0]
 [ 0 -1  1  0]
Operation 12:
 [-1  0  1  0]
 [-1  1  0  0]
 [-1  0  0  0]

Irreducible representation:
P1 {1}: [1 1 1 1 1 1 1 1 1 1 1 1]
P2 {2,3}: [ 2  2  2  2 -1 -1 -1 -1 -1 -1 -1 -1]
P3 {4}: [ 3 -1 -1 -1  0  0  0  0  0  0  0  0]
----------------------------------------------------------------------------
