Bravais Lattice: Cubic primitive lattice
Space group number: 208
Irreducible representation data of high-symmetry points:

----------------------------------------------------------------------------
HSP: GM
k (prim): (0, 0, 0)
k (conv): (0, 0, 0)

Little group operation matrix (prim):
Operation 1:
 [1 0 0 0]
 [0 1 0 0]
 [0 0 1 0]
Operation 2:
 [ 1  0  0  0]
 [ 0 -1  0  0]
 [ 0  0 -1  0]
Operation 3:
 [-1  0  0  0]
 [ 0 -1  0  0]
 [ 0  0  1  0]
Operation 4:
 [-1  0  0  0]
 [ 0  1  0  0]
 [ 0  0 -1  0]
Operation 5:
 [ 1.   0.   0.   0.5]
 [ 0.   0.  -1.   0.5]
 [ 0.   1.   0.   0.5]
Operation 6:
 [ 0.   1.   0.   0.5]
 [-1.   0.   0.  -0.5]
 [ 0.   0.   1.  -0.5]
Operation 7:
 [ 0.   0.  -1.   0.5]
 [ 0.   1.   0.   0.5]
 [ 1.   0.   0.   0.5]
Operation 8:
 [ 1.   0.   0.   0.5]
 [ 0.   0.   1.  -0.5]
 [ 0.  -1.   0.  -0.5]
Operation 9:
 [ 0.  -1.   0.  -0.5]
 [ 1.   0.   0.   0.5]
 [ 0.   0.   1.  -0.5]
Operation 10:
 [ 0.   0.   1.  -0.5]
 [ 0.   1.   0.   0.5]
 [-1.   0.   0.  -0.5]
Operation 11:
 [ 0.   1.   0.   0.5]
 [ 1.   0.   0.   0.5]
 [ 0.   0.  -1.   0.5]
Operation 12:
 [ 0.  -1.   0.  -0.5]
 [-1.   0.   0.  -0.5]
 [ 0.   0.  -1.   0.5]
Operation 13:
 [-1.   0.   0.  -0.5]
 [ 0.   0.  -1.   0.5]
 [ 0.  -1.   0.  -0.5]
Operation 14:
 [-1.   0.   0.  -0.5]
 [ 0.   0.   1.  -0.5]
 [ 0.   1.   0.   0.5]
Operation 15:
 [ 0.   0.   1.  -0.5]
 [ 0.  -1.   0.  -0.5]
 [ 1.   0.   0.   0.5]
Operation 16:
 [ 0.   0.  -1.   0.5]
 [ 0.  -1.   0.  -0.5]
 [-1.   0.   0.  -0.5]
Operation 17:
 [0 1 0 0]
 [0 0 1 0]
 [1 0 0 0]
Operation 18:
 [0 0 1 0]
 [1 0 0 0]
 [0 1 0 0]
Operation 19:
 [ 0 -1  0  0]
 [ 0  0  1  0]
 [-1  0  0  0]
Operation 20:
 [ 0 -1  0  0]
 [ 0  0 -1  0]
 [ 1  0  0  0]
Operation 21:
 [ 0  1  0  0]
 [ 0  0 -1  0]
 [-1  0  0  0]
Operation 22:
 [ 0  0 -1  0]
 [-1  0  0  0]
 [ 0  1  0  0]
Operation 23:
 [ 0  0 -1  0]
 [ 1  0  0  0]
 [ 0 -1  0  0]
Operation 24:
 [ 0  0  1  0]
 [-1  0  0  0]
 [ 0 -1  0  0]

Irreducible representation:
GM1 {1}: [1 1 1 1 1 1 1 1 1 1 1 1 1 1 1 1 1 1 1 1 1 1 1 1]
GM2 {2}: [ 1  1  1  1 -1 -1 -1 -1 -1 -1 -1 -1 -1 -1 -1 -1  1  1  1  1  1  1  1  1]
GM3 {3}: [ 2  2  2  2  0  0  0  0  0  0  0  0  0  0  0  0 -1 -1 -1 -1 -1 -1 -1 -1]
GM4 {4}: [ 3 -1 -1 -1  1  1  1  1  1  1 -1 -1 -1 -1 -1 -1  0  0  0  0  0  0  0  0]
GM5 {5}: [ 3 -1 -1 -1 -1 -1 -1 -1 -1 -1  1  1  1  1  1  1  0  0  0  0  0  0  0  0]
----------------------------------------------------------------------------
HSP: M
k (prim): (1/2, 1/2, 0)
k (conv): (1/2, 1/2, 0)

Little group operation matrix (prim):
Operation 1:
 [1 0 0 0]
 [0 1 0 0]
 [0 0 1 0]
Operation 2:
 [ 1  0  0  0]
 [ 0 -1  0  0]
 [ 0  0 -1  0]
Operation 3:
 [-1  0  0  0]
 [ 0 -1  0  0]
 [ 0  0  1  0]
Operation 4:
 [-1  0  0  0]
 [ 0  1  0  0]
 [ 0  0 -1  0]
Operation 5:
 [ 0.   1.   0.   0.5]
 [-1.   0.   0.  -0.5]
 [ 0.   0.   1.  -0.5]
Operation 6:
 [ 0.  -1.   0.  -0.5]
 [ 1.   0.   0.   0.5]
 [ 0.   0.   1.  -0.5]
Operation 7:
 [ 0.   1.   0.   0.5]
 [ 1.   0.   0.   0.5]
 [ 0.   0.  -1.   0.5]
Operation 8:
 [ 0.  -1.   0.  -0.5]
 [-1.   0.   0.  -0.5]
 [ 0.   0.  -1.   0.5]

Irreducible representation:
M1 {1}: [ 1  1 -1 -1  1 -1 -1  1]
M2 {2}: [ 1 -1 -1  1  1 -1  1 -1]
M3 {3}: [ 1  1 -1 -1 -1  1  1 -1]
M4 {4}: [ 1 -1 -1  1 -1  1 -1  1]
M5 {5}: [2 0 2 0 0 0 0 0]
----------------------------------------------------------------------------
HSP: R
k (prim): (1/2, 1/2, 1/2)
k (conv): (1/2, 1/2, 1/2)

Little group operation matrix (prim):
Operation 1:
 [1 0 0 0]
 [0 1 0 0]
 [0 0 1 0]
Operation 2:
 [ 1  0  0  0]
 [ 0 -1  0  0]
 [ 0  0 -1  0]
Operation 3:
 [-1  0  0  0]
 [ 0 -1  0  0]
 [ 0  0  1  0]
Operation 4:
 [-1  0  0  0]
 [ 0  1  0  0]
 [ 0  0 -1  0]
Operation 5:
 [ 1.   0.   0.   0.5]
 [ 0.   0.  -1.   0.5]
 [ 0.   1.   0.   0.5]
Operation 6:
 [ 0.   1.   0.   0.5]
 [-1.   0.   0.  -0.5]
 [ 0.   0.   1.  -0.5]
Operation 7:
 [ 0.   0.  -1.   0.5]
 [ 0.   1.   0.   0.5]
 [ 1.   0.   0.   0.5]
Operation 8:
 [ 1.   0.   0.   0.5]
 [ 0.   0.   1.  -0.5]
 [ 0.  -1.   0.  -0.5]
Operation 9:
 [ 0.  -1.   0.  -0.5]
 [ 1.   0.   0.   0.5]
 [ 0.   0.   1.  -0.5]
Operation 10:
 [ 0.   0.   1.  -0.5]
 [ 0.   1.   0.   0.5]
 [-1.   0.   0.  -0.5]
Operation 11:
 [ 0.   1.   0.   0.5]
 [ 1.   0.   0.   0.5]
 [ 0.   0.  -1.   0.5]
Operation 12:
 [ 0.  -1.   0.  -0.5]
 [-1.   0.   0.  -0.5]
 [ 0.   0.  -1.   0.5]
Operation 13:
 [-1.   0.   0.  -0.5]
 [ 0.   0.  -1.   0.5]
 [ 0.  -1.   0.  -0.5]
Operation 14:
 [-1.   0.   0.  -0.5]
 [ 0.   0.   1.  -0.5]
 [ 0.   1.   0.   0.5]
Operation 15:
 [ 0.   0.   1.  -0.5]
 [ 0.  -1.   0.  -0.5]
 [ 1.   0.   0.   0.5]
Operation 16:
 [ 0.   0.  -1.   0.5]
 [ 0.  -1.   0.  -0.5]
 [-1.   0.   0.  -0.5]
Operation 17:
 [0 1 0 0]
 [0 0 1 0]
 [1 0 0 0]
Operation 18:
 [0 0 1 0]
 [1 0 0 0]
 [0 1 0 0]
Operation 19:
 [ 0 -1  0  0]
 [ 0  0  1  0]
 [-1  0  0  0]
Operation 20:
 [ 0 -1  0  0]
 [ 0  0 -1  0]
 [ 1  0  0  0]
Operation 21:
 [ 0  1  0  0]
 [ 0  0 -1  0]
 [-1  0  0  0]
Operation 22:
 [ 0  0 -1  0]
 [-1  0  0  0]
 [ 0  1  0  0]
Operation 23:
 [ 0  0 -1  0]
 [ 1  0  0  0]
 [ 0 -1  0  0]
Operation 24:
 [ 0  0  1  0]
 [-1  0  0  0]
 [ 0 -1  0  0]

Irreducible representation:
R1 {1}: [ 1.+0.j  1.+0.j  1.+0.j  1.+0.j -0.-1.j -0.-1.j -0.-1.j -0.-1.j -0.-1.j -0.-1.j -0.-1.j -0.-1.j -0.-1.j -0.-1.j -0.-1.j -0.-1.j  1.+0.j  1.+0.j  1.+0.j  1.+0.j  1.+0.j  1.+0.j  1.+0.j  1.+0.j]
R2 {2}: [1.+0.j 1.+0.j 1.+0.j 1.+0.j 0.+1.j 0.+1.j 0.+1.j 0.+1.j 0.+1.j 0.+1.j 0.+1.j 0.+1.j 0.+1.j 0.+1.j 0.+1.j 0.+1.j 1.+0.j 1.+0.j 1.+0.j 1.+0.j 1.+0.j 1.+0.j 1.+0.j 1.+0.j]
R3 {3}: [ 2  2  2  2  0  0  0  0  0  0  0  0  0  0  0  0 -1 -1 -1 -1 -1 -1 -1 -1]
R4 {4}: [ 3.+0.j -1.+0.j -1.+0.j -1.+0.j -0.-1.j -0.-1.j -0.-1.j -0.-1.j -0.-1.j -0.-1.j  0.+1.j  0.+1.j  0.+1.j  0.+1.j  0.+1.j  0.+1.j  0.+0.j  0.+0.j  0.+0.j  0.+0.j  0.+0.j  0.+0.j  0.+0.j  0.+0.j]
R5 {5}: [ 3.+0.j -1.+0.j -1.+0.j -1.+0.j  0.+1.j  0.+1.j  0.+1.j  0.+1.j  0.+1.j  0.+1.j -0.-1.j -0.-1.j -0.-1.j -0.-1.j -0.-1.j -0.-1.j  0.+0.j  0.+0.j  0.+0.j  0.+0.j  0.+0.j  0.+0.j  0.+0.j  0.+0.j]
----------------------------------------------------------------------------
HSP: X
k (prim): (0, 1/2, 0)
k (conv): (0, 1/2, 0)

Little group operation matrix (prim):
Operation 1:
 [1 0 0 0]
 [0 1 0 0]
 [0 0 1 0]
Operation 2:
 [ 1  0  0  0]
 [ 0 -1  0  0]
 [ 0  0 -1  0]
Operation 3:
 [-1  0  0  0]
 [ 0 -1  0  0]
 [ 0  0  1  0]
Operation 4:
 [-1  0  0  0]
 [ 0  1  0  0]
 [ 0  0 -1  0]
Operation 5:
 [ 0.   0.  -1.   0.5]
 [ 0.   1.   0.   0.5]
 [ 1.   0.   0.   0.5]
Operation 6:
 [ 0.   0.   1.  -0.5]
 [ 0.   1.   0.   0.5]
 [-1.   0.   0.  -0.5]
Operation 7:
 [ 0.   0.   1.  -0.5]
 [ 0.  -1.   0.  -0.5]
 [ 1.   0.   0.   0.5]
Operation 8:
 [ 0.   0.  -1.   0.5]
 [ 0.  -1.   0.  -0.5]
 [-1.   0.   0.  -0.5]

Irreducible representation:
X1 {1}: [ 1.+0.j -1.+0.j  1.+0.j -1.+0.j -0.-1.j  0.+1.j  0.+1.j -0.-1.j]
X2 {2}: [ 1.+0.j  1.+0.j -1.+0.j -1.+0.j -0.-1.j  0.+1.j -0.-1.j  0.+1.j]
X3 {3}: [ 1.+0.j -1.+0.j  1.+0.j -1.+0.j  0.+1.j -0.-1.j -0.-1.j  0.+1.j]
X4 {4}: [ 1.+0.j  1.+0.j -1.+0.j -1.+0.j  0.+1.j -0.-1.j  0.+1.j -0.-1.j]
X5 {5}: [2 0 0 2 0 0 0 0]
----------------------------------------------------------------------------
