Bravais Lattice: Cubic face-centered lattice
Space group number: 210
Irreducible representation data of high-symmetry points:

----------------------------------------------------------------------------
HSP: GM
k (prim): (0, 0, 0)
k (conv): (0, 0, 0)

Little group operation matrix (prim):
Operation 1:
 [1 0 0 0]
 [0 1 0 0]
 [0 0 1 0]
Operation 2:
 [-1 -1 -1  0]
 [ 0  0  1  0]
 [ 0  1  0  0]
Operation 3:
 [ 0  1  0  0]
 [ 1  0  0  0]
 [-1 -1 -1  0]
Operation 4:
 [ 0  0  1  0]
 [-1 -1 -1  0]
 [ 1  0  0  0]
Operation 5:
 [ 0.   -1.    0.    0.25]
 [ 1.    1.    1.    0.25]
 [-1.    0.    0.    0.25]
Operation 6:
 [ 0.    0.   -1.   -0.75]
 [ 1.    1.    1.    0.25]
 [ 0.   -1.    0.    0.25]
Operation 7:
 [ 1.    1.    1.    0.25]
 [-1.    0.    0.    0.25]
 [ 0.   -1.    0.    0.25]
Operation 8:
 [ 0.    0.   -1.   -0.75]
 [-1.    0.    0.    0.25]
 [ 1.    1.    1.    0.25]
Operation 9:
 [ 1.    1.    1.    0.25]
 [ 0.    0.   -1.   -0.75]
 [-1.    0.    0.    0.25]
Operation 10:
 [ 0.   -1.    0.    0.25]
 [ 0.    0.   -1.   -0.75]
 [ 1.    1.    1.    0.25]
Operation 11:
 [-1.    0.    0.    0.25]
 [ 0.   -1.    0.    0.25]
 [ 1.    1.    1.    0.25]
Operation 12:
 [ 0.   -1.    0.    0.25]
 [-1.    0.    0.    0.25]
 [ 0.    0.   -1.   -0.75]
Operation 13:
 [-1.    0.    0.    0.25]
 [ 0.    0.   -1.   -0.75]
 [ 0.   -1.    0.    0.25]
Operation 14:
 [ 1.    1.    1.    0.25]
 [ 0.   -1.    0.    0.25]
 [ 0.    0.   -1.   -0.75]
Operation 15:
 [-1.    0.    0.    0.25]
 [ 1.    1.    1.    0.25]
 [ 0.    0.   -1.   -0.75]
Operation 16:
 [ 0.    0.   -1.   -0.75]
 [ 0.   -1.    0.    0.25]
 [-1.    0.    0.    0.25]
Operation 17:
 [0 1 0 0]
 [0 0 1 0]
 [1 0 0 0]
Operation 18:
 [0 0 1 0]
 [1 0 0 0]
 [0 1 0 0]
Operation 19:
 [ 1  0  0  0]
 [-1 -1 -1  0]
 [ 0  1  0  0]
Operation 20:
 [ 0  0  1  0]
 [ 0  1  0  0]
 [-1 -1 -1  0]
Operation 21:
 [-1 -1 -1  0]
 [ 1  0  0  0]
 [ 0  0  1  0]
Operation 22:
 [ 1  0  0  0]
 [ 0  0  1  0]
 [-1 -1 -1  0]
Operation 23:
 [ 0  1  0  0]
 [-1 -1 -1  0]
 [ 0  0  1  0]
Operation 24:
 [-1 -1 -1  0]
 [ 0  1  0  0]
 [ 1  0  0  0]

Irreducible representation:
GM1 {1}: [1 1 1 1 1 1 1 1 1 1 1 1 1 1 1 1 1 1 1 1 1 1 1 1]
GM2 {2}: [ 1  1  1  1 -1 -1 -1 -1 -1 -1 -1 -1 -1 -1 -1 -1  1  1  1  1  1  1  1  1]
GM3 {3}: [ 2  2  2  2  0  0  0  0  0  0  0  0  0  0  0  0 -1 -1 -1 -1 -1 -1 -1 -1]
GM4 {4}: [ 3 -1 -1 -1  1  1  1  1  1  1 -1 -1 -1 -1 -1 -1  0  0  0  0  0  0  0  0]
GM5 {5}: [ 3 -1 -1 -1 -1 -1 -1 -1 -1 -1  1  1  1  1  1  1  0  0  0  0  0  0  0  0]
----------------------------------------------------------------------------
HSP: L
k (prim): (1/2, 1/2, 1/2)
k (conv): (1/2, 1/2, 1/2)

Little group operation matrix (prim):
Operation 1:
 [1 0 0 0]
 [0 1 0 0]
 [0 0 1 0]
Operation 2:
 [ 0.   -1.    0.    0.25]
 [-1.    0.    0.    0.25]
 [ 0.    0.   -1.   -0.75]
Operation 3:
 [-1.    0.    0.    0.25]
 [ 0.    0.   -1.   -0.75]
 [ 0.   -1.    0.    0.25]
Operation 4:
 [ 0.    0.   -1.   -0.75]
 [ 0.   -1.    0.    0.25]
 [-1.    0.    0.    0.25]
Operation 5:
 [0 1 0 0]
 [0 0 1 0]
 [1 0 0 0]
Operation 6:
 [0 0 1 0]
 [1 0 0 0]
 [0 1 0 0]

Irreducible representation:
L1 {1}: [ 1.        +0.j         -0.70710678+0.70710678j -0.70710678+0.70710678j -0.70710678+0.70710678j  1.        +0.j          1.        +0.j        ]
L2 {2}: [1.        +0.j         0.70710678-0.70710678j 0.70710678-0.70710678j 0.70710678-0.70710678j 1.        +0.j         1.        +0.j        ]
L3 {3}: [ 2  0  0  0 -1 -1]
----------------------------------------------------------------------------
HSP: W
k (prim): (1/2, 1/4, 3/4)
k (conv): (1/2, 1, 0)

Little group operation matrix (prim):
Operation 1:
 [1 0 0 0]
 [0 1 0 0]
 [0 0 1 0]
Operation 2:
 [-1 -1 -1  0]
 [ 0  0  1  0]
 [ 0  1  0  0]
Operation 3:
 [-1.    0.    0.    0.25]
 [ 0.    0.   -1.   -0.75]
 [ 0.   -1.    0.    0.25]
Operation 4:
 [ 1.    1.    1.    0.25]
 [ 0.   -1.    0.    0.25]
 [ 0.    0.   -1.   -0.75]

Irreducible representation:
W1 {1}: [2 0 0 0]
----------------------------------------------------------------------------
HSP: X
k (prim): (1/2, 0, 1/2)
k (conv): (0, 1, 0)

Little group operation matrix (prim):
Operation 1:
 [1 0 0 0]
 [0 1 0 0]
 [0 0 1 0]
Operation 2:
 [-1 -1 -1  0]
 [ 0  0  1  0]
 [ 0  1  0  0]
Operation 3:
 [ 0  1  0  0]
 [ 1  0  0  0]
 [-1 -1 -1  0]
Operation 4:
 [ 0  0  1  0]
 [-1 -1 -1  0]
 [ 1  0  0  0]
Operation 5:
 [ 1.    1.    1.    0.25]
 [-1.    0.    0.    0.25]
 [ 0.   -1.    0.    0.25]
Operation 6:
 [ 0.   -1.    0.    0.25]
 [ 0.    0.   -1.   -0.75]
 [ 1.    1.    1.    0.25]
Operation 7:
 [-1.    0.    0.    0.25]
 [ 1.    1.    1.    0.25]
 [ 0.    0.   -1.   -0.75]
Operation 8:
 [ 0.    0.   -1.   -0.75]
 [ 0.   -1.    0.    0.25]
 [-1.    0.    0.    0.25]

Irreducible representation:
X1 {1}: [ 1.+0.j -1.+0.j  1.+0.j -1.+0.j  0.+1.j -0.-1.j -0.-1.j  0.+1.j]
X2 {2}: [ 1.+0.j  1.+0.j -1.+0.j -1.+0.j  0.+1.j -0.-1.j  0.+1.j -0.-1.j]
X3 {3}: [ 1.+0.j -1.+0.j  1.+0.j -1.+0.j -0.-1.j  0.+1.j  0.+1.j -0.-1.j]
X4 {4}: [ 1.+0.j  1.+0.j -1.+0.j -1.+0.j -0.-1.j  0.+1.j -0.-1.j  0.+1.j]
X5 {5}: [2 0 0 2 0 0 0 0]
----------------------------------------------------------------------------
