Bravais Lattice: Cubic face-centered lattice
Space group number: 219
Irreducible representation data of high-symmetry points:

----------------------------------------------------------------------------
HSP: GM
k (prim): (0, 0, 0)
k (conv): (0, 0, 0)

Little group operation matrix (prim):
Operation 1:
 [1 0 0 0]
 [0 1 0 0]
 [0 0 1 0]
Operation 2:
 [-1 -1 -1  0]
 [ 0  0  1  0]
 [ 0  1  0  0]
Operation 3:
 [ 0  1  0  0]
 [ 1  0  0  0]
 [-1 -1 -1  0]
Operation 4:
 [ 0  0  1  0]
 [-1 -1 -1  0]
 [ 1  0  0  0]
Operation 5:
 [ 0.   1.   0.   0.5]
 [-1.  -1.  -1.   0.5]
 [ 1.   0.   0.   0.5]
Operation 6:
 [ 0.   0.   1.  -0.5]
 [-1.  -1.  -1.   0.5]
 [ 0.   1.   0.   0.5]
Operation 7:
 [-1.  -1.  -1.   0.5]
 [ 1.   0.   0.   0.5]
 [ 0.   1.   0.   0.5]
Operation 8:
 [ 0.   0.   1.  -0.5]
 [ 1.   0.   0.   0.5]
 [-1.  -1.  -1.   0.5]
Operation 9:
 [-1.  -1.  -1.   0.5]
 [ 0.   0.   1.  -0.5]
 [ 1.   0.   0.   0.5]
Operation 10:
 [ 0.   1.   0.   0.5]
 [ 0.   0.   1.  -0.5]
 [-1.  -1.  -1.   0.5]
Operation 11:
 [ 1.   0.   0.   0.5]
 [ 0.   1.   0.   0.5]
 [-1.  -1.  -1.   0.5]
Operation 12:
 [ 0.   1.   0.   0.5]
 [ 1.   0.   0.   0.5]
 [ 0.   0.   1.  -0.5]
Operation 13:
 [ 1.   0.   0.   0.5]
 [ 0.   0.   1.  -0.5]
 [ 0.   1.   0.   0.5]
Operation 14:
 [-1.  -1.  -1.   0.5]
 [ 0.   1.   0.   0.5]
 [ 0.   0.   1.  -0.5]
Operation 15:
 [ 1.   0.   0.   0.5]
 [-1.  -1.  -1.   0.5]
 [ 0.   0.   1.  -0.5]
Operation 16:
 [ 0.   0.   1.  -0.5]
 [ 0.   1.   0.   0.5]
 [ 1.   0.   0.   0.5]
Operation 17:
 [0 1 0 0]
 [0 0 1 0]
 [1 0 0 0]
Operation 18:
 [0 0 1 0]
 [1 0 0 0]
 [0 1 0 0]
Operation 19:
 [ 1  0  0  0]
 [-1 -1 -1  0]
 [ 0  1  0  0]
Operation 20:
 [ 0  0  1  0]
 [ 0  1  0  0]
 [-1 -1 -1  0]
Operation 21:
 [-1 -1 -1  0]
 [ 1  0  0  0]
 [ 0  0  1  0]
Operation 22:
 [ 1  0  0  0]
 [ 0  0  1  0]
 [-1 -1 -1  0]
Operation 23:
 [ 0  1  0  0]
 [-1 -1 -1  0]
 [ 0  0  1  0]
Operation 24:
 [-1 -1 -1  0]
 [ 0  1  0  0]
 [ 1  0  0  0]

Irreducible representation:
GM1 {1}: [1 1 1 1 1 1 1 1 1 1 1 1 1 1 1 1 1 1 1 1 1 1 1 1]
GM2 {2}: [ 1  1  1  1 -1 -1 -1 -1 -1 -1 -1 -1 -1 -1 -1 -1  1  1  1  1  1  1  1  1]
GM3 {3}: [ 2  2  2  2  0  0  0  0  0  0  0  0  0  0  0  0 -1 -1 -1 -1 -1 -1 -1 -1]
GM4 {4}: [ 3 -1 -1 -1  1  1  1  1  1  1 -1 -1 -1 -1 -1 -1  0  0  0  0  0  0  0  0]
GM5 {5}: [ 3 -1 -1 -1 -1 -1 -1 -1 -1 -1  1  1  1  1  1  1  0  0  0  0  0  0  0  0]
----------------------------------------------------------------------------
HSP: L
k (prim): (1/2, 1/2, 1/2)
k (conv): (1/2, 1/2, 1/2)

Little group operation matrix (prim):
Operation 1:
 [1 0 0 0]
 [0 1 0 0]
 [0 0 1 0]
Operation 2:
 [ 0.   1.   0.   0.5]
 [ 1.   0.   0.   0.5]
 [ 0.   0.   1.  -0.5]
Operation 3:
 [ 1.   0.   0.   0.5]
 [ 0.   0.   1.  -0.5]
 [ 0.   1.   0.   0.5]
Operation 4:
 [ 0.   0.   1.  -0.5]
 [ 0.   1.   0.   0.5]
 [ 1.   0.   0.   0.5]
Operation 5:
 [0 1 0 0]
 [0 0 1 0]
 [1 0 0 0]
Operation 6:
 [0 0 1 0]
 [1 0 0 0]
 [0 1 0 0]

Irreducible representation:
L1 {1,2}: [2 0 0 0 2 2]
L2 {3,3}: [ 4  0  0  0 -2 -2]
----------------------------------------------------------------------------
HSP: W
k (prim): (1/2, 1/4, 3/4)
k (conv): (1/2, 1, 0)

Little group operation matrix (prim):
Operation 1:
 [1 0 0 0]
 [0 1 0 0]
 [0 0 1 0]
Operation 2:
 [-1 -1 -1  0]
 [ 0  0  1  0]
 [ 0  1  0  0]
Operation 3:
 [ 0.   1.   0.   0.5]
 [-1.  -1.  -1.   0.5]
 [ 1.   0.   0.   0.5]
Operation 4:
 [ 0.   0.   1.  -0.5]
 [ 1.   0.   0.   0.5]
 [-1.  -1.  -1.   0.5]

Irreducible representation:
W1 {1,3}: [2 2 0 0]
W2 {2,4}: [ 2 -2  0  0]
----------------------------------------------------------------------------
HSP: X
k (prim): (1/2, 0, 1/2)
k (conv): (0, 1, 0)

Little group operation matrix (prim):
Operation 1:
 [1 0 0 0]
 [0 1 0 0]
 [0 0 1 0]
Operation 2:
 [-1 -1 -1  0]
 [ 0  0  1  0]
 [ 0  1  0  0]
Operation 3:
 [ 0  1  0  0]
 [ 1  0  0  0]
 [-1 -1 -1  0]
Operation 4:
 [ 0  0  1  0]
 [-1 -1 -1  0]
 [ 1  0  0  0]
Operation 5:
 [-1.  -1.  -1.   0.5]
 [ 1.   0.   0.   0.5]
 [ 0.   1.   0.   0.5]
Operation 6:
 [ 0.   1.   0.   0.5]
 [ 0.   0.   1.  -0.5]
 [-1.  -1.  -1.   0.5]
Operation 7:
 [ 1.   0.   0.   0.5]
 [-1.  -1.  -1.   0.5]
 [ 0.   0.   1.  -0.5]
Operation 8:
 [ 0.   0.   1.  -0.5]
 [ 0.   1.   0.   0.5]
 [ 1.   0.   0.   0.5]

Irreducible representation:
X1 {1}: [ 1  1  1  1 -1 -1 -1 -1]
X2 {2}: [ 1 -1 -1  1 -1 -1  1  1]
X3 {3}: [1 1 1 1 1 1 1 1]
X4 {4}: [ 1 -1 -1  1  1  1 -1 -1]
X5 {5}: [ 2  0  0 -2  0  0  0  0]
----------------------------------------------------------------------------
