Bravais Lattice: Cubic body-centered lattice
Space group number: 220
Irreducible representation data of high-symmetry points:

----------------------------------------------------------------------------
HSP: GM
k (prim): (0, 0, 0)
k (conv): (0, 0, 0)

Little group operation matrix (prim):
Operation 1:
 [1 0 0 0]
 [0 1 0 0]
 [0 0 1 0]
Operation 2:
 [-1.   0.   0.   0.5]
 [-1.   0.   1.   0.5]
 [-1.   1.   0.   0. ]
Operation 3:
 [ 0.   1.  -1.   0.5]
 [ 1.   0.  -1.   0. ]
 [ 0.   0.  -1.   0.5]
Operation 4:
 [ 0.  -1.   1.   0. ]
 [ 0.  -1.   0.   0.5]
 [ 1.  -1.   0.   0.5]
Operation 5:
 [ 0.   1.  -1.   0. ]
 [ 0.   0.  -1.   0. ]
 [ 1.   0.  -1.   0.5]
Operation 6:
 [-1.   0.   1.   0. ]
 [-1.   0.   0.   0. ]
 [-1.   1.   0.  -0.5]
Operation 7:
 [ 0.   0.  -1.   0. ]
 [ 1.   0.  -1.   0.5]
 [ 0.   1.  -1.   0. ]
Operation 8:
 [ 0.  -1.   1.   0.5]
 [ 1.  -1.   0.   0. ]
 [ 0.  -1.   0.   0. ]
Operation 9:
 [ 0.  -1.   0.   0. ]
 [ 0.  -1.   1.   0.5]
 [ 1.  -1.   0.   0. ]
Operation 10:
 [-1.   1.   0.  -0.5]
 [-1.   0.   1.   0. ]
 [-1.   0.   0.   0. ]
Operation 11:
 [ 1.   0.  -1.   0.5]
 [ 0.   1.  -1.   0. ]
 [ 0.   0.  -1.   0. ]
Operation 12:
 [0.  1.  0.  0.5]
 [1.  0.  0.  0.5]
 [0.  0.  1.  0.5]
Operation 13:
 [1.  0.  0.  0.5]
 [0.  0.  1.  0.5]
 [0.  1.  0.  0.5]
Operation 14:
 [-1.   0.   0.   0. ]
 [-1.   1.   0.  -0.5]
 [-1.   0.   1.   0. ]
Operation 15:
 [ 1.  -1.   0.   0. ]
 [ 0.  -1.   0.   0. ]
 [ 0.  -1.   1.   0.5]
Operation 16:
 [0.  0.  1.  0.5]
 [0.  1.  0.  0.5]
 [1.  0.  0.  0.5]
Operation 17:
 [0 1 0 0]
 [0 0 1 0]
 [1 0 0 0]
Operation 18:
 [0 0 1 0]
 [1 0 0 0]
 [0 1 0 0]
Operation 19:
 [ 1.   0.  -1.   0. ]
 [ 0.   0.  -1.   0.5]
 [ 0.   1.  -1.   0.5]
Operation 20:
 [-1.   0.   1.   0.5]
 [-1.   1.   0.   0. ]
 [-1.   0.   0.   0.5]
Operation 21:
 [ 0.  -1.   0.   0.5]
 [ 1.  -1.   0.   0.5]
 [ 0.  -1.   1.   0. ]
Operation 22:
 [ 1.  -1.   0.   0.5]
 [ 0.  -1.   1.   0. ]
 [ 0.  -1.   0.   0.5]
Operation 23:
 [-1.   1.   0.   0. ]
 [-1.   0.   0.   0.5]
 [-1.   0.   1.   0.5]
Operation 24:
 [ 0.   0.  -1.   0.5]
 [ 0.   1.  -1.   0.5]
 [ 1.   0.  -1.   0. ]

Irreducible representation:
GM1 {1}: [1 1 1 1 1 1 1 1 1 1 1 1 1 1 1 1 1 1 1 1 1 1 1 1]
GM2 {2}: [ 1  1  1  1 -1 -1 -1 -1 -1 -1 -1 -1 -1 -1 -1 -1  1  1  1  1  1  1  1  1]
GM3 {3}: [ 2  2  2  2  0  0  0  0  0  0  0  0  0  0  0  0 -1 -1 -1 -1 -1 -1 -1 -1]
GM4 {4}: [ 3 -1 -1 -1  1  1  1  1  1  1 -1 -1 -1 -1 -1 -1  0  0  0  0  0  0  0  0]
GM5 {5}: [ 3 -1 -1 -1 -1 -1 -1 -1 -1 -1  1  1  1  1  1  1  0  0  0  0  0  0  0  0]
----------------------------------------------------------------------------
HSP: H
k (prim): (1/2, 1/2, 1/2)
k (conv): (1, 1, 1)

Little group operation matrix (prim):
Operation 1:
 [1 0 0 0]
 [0 1 0 0]
 [0 0 1 0]
Operation 2:
 [-1.   0.   0.   0.5]
 [-1.   0.   1.   0.5]
 [-1.   1.   0.   0. ]
Operation 3:
 [ 0.   1.  -1.   0.5]
 [ 1.   0.  -1.   0. ]
 [ 0.   0.  -1.   0.5]
Operation 4:
 [ 0.  -1.   1.   0. ]
 [ 0.  -1.   0.   0.5]
 [ 1.  -1.   0.   0.5]
Operation 5:
 [ 0.   1.  -1.   0. ]
 [ 0.   0.  -1.   0. ]
 [ 1.   0.  -1.   0.5]
Operation 6:
 [-1.   0.   1.   0. ]
 [-1.   0.   0.   0. ]
 [-1.   1.   0.  -0.5]
Operation 7:
 [ 0.   0.  -1.   0. ]
 [ 1.   0.  -1.   0.5]
 [ 0.   1.  -1.   0. ]
Operation 8:
 [ 0.  -1.   1.   0.5]
 [ 1.  -1.   0.   0. ]
 [ 0.  -1.   0.   0. ]
Operation 9:
 [ 0.  -1.   0.   0. ]
 [ 0.  -1.   1.   0.5]
 [ 1.  -1.   0.   0. ]
Operation 10:
 [-1.   1.   0.  -0.5]
 [-1.   0.   1.   0. ]
 [-1.   0.   0.   0. ]
Operation 11:
 [ 1.   0.  -1.   0.5]
 [ 0.   1.  -1.   0. ]
 [ 0.   0.  -1.   0. ]
Operation 12:
 [0.  1.  0.  0.5]
 [1.  0.  0.  0.5]
 [0.  0.  1.  0.5]
Operation 13:
 [1.  0.  0.  0.5]
 [0.  0.  1.  0.5]
 [0.  1.  0.  0.5]
Operation 14:
 [-1.   0.   0.   0. ]
 [-1.   1.   0.  -0.5]
 [-1.   0.   1.   0. ]
Operation 15:
 [ 1.  -1.   0.   0. ]
 [ 0.  -1.   0.   0. ]
 [ 0.  -1.   1.   0.5]
Operation 16:
 [0.  0.  1.  0.5]
 [0.  1.  0.  0.5]
 [1.  0.  0.  0.5]
Operation 17:
 [0 1 0 0]
 [0 0 1 0]
 [1 0 0 0]
Operation 18:
 [0 0 1 0]
 [1 0 0 0]
 [0 1 0 0]
Operation 19:
 [ 1.   0.  -1.   0. ]
 [ 0.   0.  -1.   0.5]
 [ 0.   1.  -1.   0.5]
Operation 20:
 [-1.   0.   1.   0.5]
 [-1.   1.   0.   0. ]
 [-1.   0.   0.   0.5]
Operation 21:
 [ 0.  -1.   0.   0.5]
 [ 1.  -1.   0.   0.5]
 [ 0.  -1.   1.   0. ]
Operation 22:
 [ 1.  -1.   0.   0.5]
 [ 0.  -1.   1.   0. ]
 [ 0.  -1.   0.   0.5]
Operation 23:
 [-1.   1.   0.   0. ]
 [-1.   0.   0.   0.5]
 [-1.   0.   1.   0.5]
Operation 24:
 [ 0.   0.  -1.   0.5]
 [ 0.   1.  -1.   0.5]
 [ 1.   0.  -1.   0. ]

Irreducible representation:
H1 {1,2}: [2 2 2 2 0 0 0 0 0 0 0 0 0 0 0 0 2 2 2 2 2 2 2 2]
H2 {3,3}: [ 4  4  4  4  0  0  0  0  0  0  0  0  0  0  0  0 -2 -2 -2 -2 -2 -2 -2 -2]
H3 {4,5}: [ 6 -2 -2 -2  0  0  0  0  0  0  0  0  0  0  0  0  0  0  0  0  0  0  0  0]
----------------------------------------------------------------------------
HSP: N
k (prim): (0, 0, 1/2)
k (conv): (1/2, 1/2, 0)

Little group operation matrix (prim):
Operation 1:
 [1 0 0 0]
 [0 1 0 0]
 [0 0 1 0]
Operation 2:
 [ 0.   1.  -1.   0.5]
 [ 1.   0.  -1.   0. ]
 [ 0.   0.  -1.   0.5]
Operation 3:
 [ 1.   0.  -1.   0.5]
 [ 0.   1.  -1.   0. ]
 [ 0.   0.  -1.   0. ]
Operation 4:
 [0.  1.  0.  0.5]
 [1.  0.  0.  0.5]
 [0.  0.  1.  0.5]

Irreducible representation:
N1 {1}: [2 0 0 0]
----------------------------------------------------------------------------
HSP: PA
k (prim): (-1/4, -1/4, -1/4)
k (conv): (-1/2, -1/2, -1/2)

Little group operation matrix (prim):
Operation 1:
 [1 0 0 0]
 [0 1 0 0]
 [0 0 1 0]
Operation 2:
 [-1.   0.   0.   0.5]
 [-1.   0.   1.   0.5]
 [-1.   1.   0.   0. ]
Operation 3:
 [ 0.   1.  -1.   0.5]
 [ 1.   0.  -1.   0. ]
 [ 0.   0.  -1.   0.5]
Operation 4:
 [ 0.  -1.   1.   0. ]
 [ 0.  -1.   0.   0.5]
 [ 1.  -1.   0.   0.5]
Operation 5:
 [ 0.   1.  -1.   0. ]
 [ 0.   0.  -1.   0. ]
 [ 1.   0.  -1.   0.5]
Operation 6:
 [-1.   0.   1.   0. ]
 [-1.   0.   0.   0. ]
 [-1.   1.   0.  -0.5]
Operation 7:
 [ 0.   0.  -1.   0. ]
 [ 1.   0.  -1.   0.5]
 [ 0.   1.  -1.   0. ]
Operation 8:
 [ 0.  -1.   1.   0.5]
 [ 1.  -1.   0.   0. ]
 [ 0.  -1.   0.   0. ]
Operation 9:
 [ 0.  -1.   0.   0. ]
 [ 0.  -1.   1.   0.5]
 [ 1.  -1.   0.   0. ]
Operation 10:
 [-1.   1.   0.  -0.5]
 [-1.   0.   1.   0. ]
 [-1.   0.   0.   0. ]
Operation 11:
 [ 1.   0.  -1.   0.5]
 [ 0.   1.  -1.   0. ]
 [ 0.   0.  -1.   0. ]
Operation 12:
 [0.  1.  0.  0.5]
 [1.  0.  0.  0.5]
 [0.  0.  1.  0.5]
Operation 13:
 [1.  0.  0.  0.5]
 [0.  0.  1.  0.5]
 [0.  1.  0.  0.5]
Operation 14:
 [-1.   0.   0.   0. ]
 [-1.   1.   0.  -0.5]
 [-1.   0.   1.   0. ]
Operation 15:
 [ 1.  -1.   0.   0. ]
 [ 0.  -1.   0.   0. ]
 [ 0.  -1.   1.   0.5]
Operation 16:
 [0.  0.  1.  0.5]
 [0.  1.  0.  0.5]
 [1.  0.  0.  0.5]
Operation 17:
 [0 1 0 0]
 [0 0 1 0]
 [1 0 0 0]
Operation 18:
 [0 0 1 0]
 [1 0 0 0]
 [0 1 0 0]
Operation 19:
 [ 1.   0.  -1.   0. ]
 [ 0.   0.  -1.   0.5]
 [ 0.   1.  -1.   0.5]
Operation 20:
 [-1.   0.   1.   0.5]
 [-1.   1.   0.   0. ]
 [-1.   0.   0.   0.5]
Operation 21:
 [ 0.  -1.   0.   0.5]
 [ 1.  -1.   0.   0.5]
 [ 0.  -1.   1.   0. ]
Operation 22:
 [ 1.  -1.   0.   0.5]
 [ 0.  -1.   1.   0. ]
 [ 0.  -1.   0.   0.5]
Operation 23:
 [-1.   1.   0.   0. ]
 [-1.   0.   0.   0.5]
 [-1.   0.   1.   0.5]
Operation 24:
 [ 0.   0.  -1.   0.5]
 [ 0.   1.  -1.   0.5]
 [ 1.   0.  -1.   0. ]

Irreducible representation:
PA1 1: [ 2.+0.j          0.+0.j          0.+0.j          0.+0.j  0.-1.41421356j  0.+1.41421356j  0.+1.41421356j  0.+1.41421356j  0.-1.41421356j  0.-1.41421356j  0.+0.j          0.+0.j  0.+0.j          0.+0.j          0.+0.j          0.+0.j -1.+0.j         -1.+0.j         -1.+0.j         -1.+0.j -1.+0.j          1.+0.j          1.+0.j          1.+0.j        ]
PA2 2: [ 2.+0.j          0.+0.j          0.+0.j          0.+0.j  0.+1.41421356j  0.-1.41421356j  0.-1.41421356j  0.-1.41421356j  0.+1.41421356j  0.+1.41421356j  0.+0.j          0.+0.j  0.+0.j          0.+0.j          0.+0.j          0.+0.j -1.+0.j         -1.+0.j         -1.+0.j         -1.+0.j -1.+0.j          1.+0.j          1.+0.j          1.+0.j        ]
PA3 3: [ 4  0  0  0  0  0  0  0  0  0  0  0  0  0  0  0  1  1  1  1  1 -1 -1 -1]
----------------------------------------------------------------------------
