Bravais Lattice: Cubic face-centered lattice
Space group number: 225
Irreducible representation data of high-symmetry points:

----------------------------------------------------------------------------
HSP: GM
k (prim): (0, 0, 0)
k (conv): (0, 0, 0)

Little group operation matrix (prim):
Operation 1:
 [1 0 0 0]
 [0 1 0 0]
 [0 0 1 0]
Operation 2:
 [-1  0  0  0]
 [ 0 -1  0  0]
 [ 0  0 -1  0]
Operation 3:
 [ 1  1  1  0]
 [ 0  0 -1  0]
 [ 0 -1  0  0]
Operation 4:
 [ 0 -1  0  0]
 [-1  0  0  0]
 [ 1  1  1  0]
Operation 5:
 [ 0  0 -1  0]
 [ 1  1  1  0]
 [-1  0  0  0]
Operation 6:
 [-1 -1 -1  0]
 [ 0  0  1  0]
 [ 0  1  0  0]
Operation 7:
 [ 0  1  0  0]
 [ 1  0  0  0]
 [-1 -1 -1  0]
Operation 8:
 [ 0  0  1  0]
 [-1 -1 -1  0]
 [ 1  0  0  0]
Operation 9:
 [-1 -1 -1  0]
 [ 0  1  0  0]
 [ 1  0  0  0]
Operation 10:
 [0 0 1 0]
 [1 0 0 0]
 [0 1 0 0]
Operation 11:
 [ 0  1  0  0]
 [-1 -1 -1  0]
 [ 0  0  1  0]
Operation 12:
 [ 1  0  0  0]
 [ 0  0  1  0]
 [-1 -1 -1  0]
Operation 13:
 [ 0  0  1  0]
 [ 0  1  0  0]
 [-1 -1 -1  0]
Operation 14:
 [0 1 0 0]
 [0 0 1 0]
 [1 0 0 0]
Operation 15:
 [-1 -1 -1  0]
 [ 1  0  0  0]
 [ 0  0  1  0]
Operation 16:
 [ 1  0  0  0]
 [-1 -1 -1  0]
 [ 0  1  0  0]
Operation 17:
 [ 1  1  1  0]
 [ 0 -1  0  0]
 [-1  0  0  0]
Operation 18:
 [ 0  0 -1  0]
 [-1  0  0  0]
 [ 0 -1  0  0]
Operation 19:
 [ 0 -1  0  0]
 [ 1  1  1  0]
 [ 0  0 -1  0]
Operation 20:
 [-1  0  0  0]
 [ 0  0 -1  0]
 [ 1  1  1  0]
Operation 21:
 [ 0  0 -1  0]
 [ 0 -1  0  0]
 [ 1  1  1  0]
Operation 22:
 [ 0 -1  0  0]
 [ 0  0 -1  0]
 [-1  0  0  0]
Operation 23:
 [ 1  1  1  0]
 [-1  0  0  0]
 [ 0  0 -1  0]
Operation 24:
 [-1  0  0  0]
 [ 1  1  1  0]
 [ 0 -1  0  0]
Operation 25:
 [ 0  0 -1  0]
 [-1  0  0  0]
 [ 1  1  1  0]
Operation 26:
 [ 0  0 -1  0]
 [ 1  1  1  0]
 [ 0 -1  0  0]
Operation 27:
 [ 0 -1  0  0]
 [ 0  0 -1  0]
 [ 1  1  1  0]
Operation 28:
 [ 0 -1  0  0]
 [ 1  1  1  0]
 [-1  0  0  0]
Operation 29:
 [ 1  1  1  0]
 [ 0  0 -1  0]
 [-1  0  0  0]
Operation 30:
 [ 1  1  1  0]
 [-1  0  0  0]
 [ 0 -1  0  0]
Operation 31:
 [ 0  0  1  0]
 [ 1  0  0  0]
 [-1 -1 -1  0]
Operation 32:
 [ 0  0  1  0]
 [-1 -1 -1  0]
 [ 0  1  0  0]
Operation 33:
 [ 0  1  0  0]
 [ 0  0  1  0]
 [-1 -1 -1  0]
Operation 34:
 [ 0  1  0  0]
 [-1 -1 -1  0]
 [ 1  0  0  0]
Operation 35:
 [-1 -1 -1  0]
 [ 0  0  1  0]
 [ 1  0  0  0]
Operation 36:
 [-1 -1 -1  0]
 [ 1  0  0  0]
 [ 0  1  0  0]
Operation 37:
 [-1  0  0  0]
 [ 1  1  1  0]
 [ 0  0 -1  0]
Operation 38:
 [ 0  0 -1  0]
 [ 0 -1  0  0]
 [-1  0  0  0]
Operation 39:
 [ 0 -1  0  0]
 [-1  0  0  0]
 [ 0  0 -1  0]
Operation 40:
 [-1  0  0  0]
 [ 0  0 -1  0]
 [ 0 -1  0  0]
Operation 41:
 [-1  0  0  0]
 [ 0 -1  0  0]
 [ 1  1  1  0]
Operation 42:
 [ 1  1  1  0]
 [ 0 -1  0  0]
 [ 0  0 -1  0]
Operation 43:
 [ 1  0  0  0]
 [-1 -1 -1  0]
 [ 0  0  1  0]
Operation 44:
 [0 0 1 0]
 [0 1 0 0]
 [1 0 0 0]
Operation 45:
 [0 1 0 0]
 [1 0 0 0]
 [0 0 1 0]
Operation 46:
 [1 0 0 0]
 [0 0 1 0]
 [0 1 0 0]
Operation 47:
 [ 1  0  0  0]
 [ 0  1  0  0]
 [-1 -1 -1  0]
Operation 48:
 [-1 -1 -1  0]
 [ 0  1  0  0]
 [ 0  0  1  0]

Irreducible representation:
GM1 {1}: [1 1 1 1 1 1 1 1 1 1 1 1 1 1 1 1 1 1 1 1 1 1 1 1 1 1 1 1 1 1 1 1 1 1 1 1 1 1 1 1 1 1 1 1 1 1 1 1]
GM2 {2}: [ 1  1  1  1  1  1  1  1  1  1  1  1  1  1  1  1  1  1  1  1  1  1  1  1 -1 -1 -1 -1 -1 -1 -1 -1 -1 -1 -1 -1 -1 -1 -1 -1 -1 -1 -1 -1 -1 -1 -1 -1]
GM3 {3}: [ 1 -1 -1 -1 -1  1  1  1  1  1  1  1  1  1  1  1 -1 -1 -1 -1 -1 -1 -1 -1 -1 -1 -1 -1 -1 -1  1  1  1  1  1  1 -1 -1 -1 -1 -1 -1  1  1  1  1  1  1]
GM4 {4}: [ 1 -1 -1 -1 -1  1  1  1  1  1  1  1  1  1  1  1 -1 -1 -1 -1 -1 -1 -1 -1  1  1  1  1  1  1 -1 -1 -1 -1 -1 -1  1  1  1  1  1  1 -1 -1 -1 -1 -1 -1]
GM5 {5}: [ 2  2  2  2  2  2  2  2 -1 -1 -1 -1 -1 -1 -1 -1 -1 -1 -1 -1 -1 -1 -1 -1  0  0  0  0  0  0  0  0  0  0  0  0  0  0  0  0  0  0  0  0  0  0  0  0]
GM6 {6}: [ 2 -2 -2 -2 -2  2  2  2 -1 -1 -1 -1 -1 -1 -1 -1  1  1  1  1  1  1  1  1  0  0  0  0  0  0  0  0  0  0  0  0  0  0  0  0  0  0  0  0  0  0  0  0]
GM7 {7}: [ 3  3 -1 -1 -1 -1 -1 -1  0  0  0  0  0  0  0  0  0  0  0  0  0  0  0  0  1  1  1  1  1  1  1  1  1  1  1  1 -1 -1 -1 -1 -1 -1 -1 -1 -1 -1 -1 -1]
GM8 {8}: [ 3  3 -1 -1 -1 -1 -1 -1  0  0  0  0  0  0  0  0  0  0  0  0  0  0  0  0 -1 -1 -1 -1 -1 -1 -1 -1 -1 -1 -1 -1  1  1  1  1  1  1  1  1  1  1  1  1]
GM9 {9}: [ 3 -3  1  1  1 -1 -1 -1  0  0  0  0  0  0  0  0  0  0  0  0  0  0  0  0  1  1  1  1  1  1 -1 -1 -1 -1 -1 -1 -1 -1 -1 -1 -1 -1  1  1  1  1  1  1]
GM10 {10}: [ 3 -3  1  1  1 -1 -1 -1  0  0  0  0  0  0  0  0  0  0  0  0  0  0  0  0 -1 -1 -1 -1 -1 -1  1  1  1  1  1  1  1  1  1  1  1  1 -1 -1 -1 -1 -1 -1]
----------------------------------------------------------------------------
HSP: L
k (prim): (1/2, 1/2, 1/2)
k (conv): (1/2, 1/2, 1/2)

Little group operation matrix (prim):
Operation 1:
 [1 0 0 0]
 [0 1 0 0]
 [0 0 1 0]
Operation 2:
 [-1  0  0  0]
 [ 0 -1  0  0]
 [ 0  0 -1  0]
Operation 3:
 [0 0 1 0]
 [1 0 0 0]
 [0 1 0 0]
Operation 4:
 [0 1 0 0]
 [0 0 1 0]
 [1 0 0 0]
Operation 5:
 [ 0  0 -1  0]
 [-1  0  0  0]
 [ 0 -1  0  0]
Operation 6:
 [ 0 -1  0  0]
 [ 0  0 -1  0]
 [-1  0  0  0]
Operation 7:
 [ 0  0 -1  0]
 [ 0 -1  0  0]
 [-1  0  0  0]
Operation 8:
 [ 0 -1  0  0]
 [-1  0  0  0]
 [ 0  0 -1  0]
Operation 9:
 [-1  0  0  0]
 [ 0  0 -1  0]
 [ 0 -1  0  0]
Operation 10:
 [0 0 1 0]
 [0 1 0 0]
 [1 0 0 0]
Operation 11:
 [0 1 0 0]
 [1 0 0 0]
 [0 0 1 0]
Operation 12:
 [1 0 0 0]
 [0 0 1 0]
 [0 1 0 0]

Irreducible representation:
L1 {1}: [1 1 1 1 1 1 1 1 1 1 1 1]
L2 {2}: [ 1  1  1  1  1  1 -1 -1 -1 -1 -1 -1]
L3 {3}: [ 1 -1  1  1 -1 -1  1  1  1 -1 -1 -1]
L4 {4}: [ 1 -1  1  1 -1 -1 -1 -1 -1  1  1  1]
L5 {5}: [ 2  2 -1 -1 -1 -1  0  0  0  0  0  0]
L6 {6}: [ 2 -2 -1 -1  1  1  0  0  0  0  0  0]
----------------------------------------------------------------------------
HSP: W
k (prim): (1/2, 1/4, 3/4)
k (conv): (1/2, 1, 0)

Little group operation matrix (prim):
Operation 1:
 [1 0 0 0]
 [0 1 0 0]
 [0 0 1 0]
Operation 2:
 [ 0 -1  0  0]
 [-1  0  0  0]
 [ 1  1  1  0]
Operation 3:
 [ 0  0 -1  0]
 [ 1  1  1  0]
 [-1  0  0  0]
Operation 4:
 [-1 -1 -1  0]
 [ 0  0  1  0]
 [ 0  1  0  0]
Operation 5:
 [ 0  0  1  0]
 [ 1  0  0  0]
 [-1 -1 -1  0]
Operation 6:
 [ 0  1  0  0]
 [-1 -1 -1  0]
 [ 1  0  0  0]
Operation 7:
 [-1  0  0  0]
 [ 0  0 -1  0]
 [ 0 -1  0  0]
Operation 8:
 [ 1  1  1  0]
 [ 0 -1  0  0]
 [ 0  0 -1  0]

Irreducible representation:
W1 {1}: [1 1 1 1 1 1 1 1]
W2 {2}: [ 1 -1 -1  1  1  1 -1 -1]
W3 {3}: [ 1 -1 -1  1 -1 -1  1  1]
W4 {4}: [ 1  1  1  1 -1 -1 -1 -1]
W5 {5}: [ 2  0  0 -2  0  0  0  0]
----------------------------------------------------------------------------
HSP: X
k (prim): (1/2, 0, 1/2)
k (conv): (0, 1, 0)

Little group operation matrix (prim):
Operation 1:
 [1 0 0 0]
 [0 1 0 0]
 [0 0 1 0]
Operation 2:
 [-1  0  0  0]
 [ 0 -1  0  0]
 [ 0  0 -1  0]
Operation 3:
 [ 1  1  1  0]
 [ 0  0 -1  0]
 [ 0 -1  0  0]
Operation 4:
 [ 0 -1  0  0]
 [-1  0  0  0]
 [ 1  1  1  0]
Operation 5:
 [ 0  0 -1  0]
 [ 1  1  1  0]
 [-1  0  0  0]
Operation 6:
 [-1 -1 -1  0]
 [ 0  0  1  0]
 [ 0  1  0  0]
Operation 7:
 [ 0  1  0  0]
 [ 1  0  0  0]
 [-1 -1 -1  0]
Operation 8:
 [ 0  0  1  0]
 [-1 -1 -1  0]
 [ 1  0  0  0]
Operation 9:
 [ 0 -1  0  0]
 [ 0  0 -1  0]
 [ 1  1  1  0]
Operation 10:
 [ 1  1  1  0]
 [-1  0  0  0]
 [ 0 -1  0  0]
Operation 11:
 [ 0  1  0  0]
 [ 0  0  1  0]
 [-1 -1 -1  0]
Operation 12:
 [-1 -1 -1  0]
 [ 1  0  0  0]
 [ 0  1  0  0]
Operation 13:
 [-1  0  0  0]
 [ 1  1  1  0]
 [ 0  0 -1  0]
Operation 14:
 [ 0  0 -1  0]
 [ 0 -1  0  0]
 [-1  0  0  0]
Operation 15:
 [ 1  0  0  0]
 [-1 -1 -1  0]
 [ 0  0  1  0]
Operation 16:
 [0 0 1 0]
 [0 1 0 0]
 [1 0 0 0]

Irreducible representation:
X1 {1}: [1 1 1 1 1 1 1 1 1 1 1 1 1 1 1 1]
X2 {2}: [ 1  1 -1 -1  1 -1 -1  1  1  1  1  1 -1 -1 -1 -1]
X3 {3}: [ 1  1  1  1  1  1  1  1 -1 -1 -1 -1 -1 -1 -1 -1]
X4 {4}: [ 1  1 -1 -1  1 -1 -1  1 -1 -1 -1 -1  1  1  1  1]
X5 {5}: [ 2  2  0  0 -2  0  0 -2  0  0  0  0  0  0  0  0]
X6 {6}: [ 1 -1 -1 -1 -1  1  1  1  1  1 -1 -1  1  1 -1 -1]
X7 {7}: [ 1 -1  1  1 -1 -1 -1  1  1  1 -1 -1 -1 -1  1  1]
X8 {8}: [ 1 -1 -1 -1 -1  1  1  1 -1 -1  1  1 -1 -1  1  1]
X9 {9}: [ 1 -1  1  1 -1 -1 -1  1 -1 -1  1  1  1  1 -1 -1]
X10 {10}: [ 2 -2  0  0  2  0  0 -2  0  0  0  0  0  0  0  0]
----------------------------------------------------------------------------
