Bravais Lattice: Cubic face-centered lattice
Space group number: 227
Irreducible representation data of high-symmetry points:

----------------------------------------------------------------------------
HSP: GM
k (prim): (0, 0, 0)
k (conv): (0, 0, 0)

Little group operation matrix (prim):
Operation 1:
 [1 0 0 0]
 [0 1 0 0]
 [0 0 1 0]
Operation 2:
 [-1.    0.    0.    0.25]
 [ 0.   -1.    0.    0.25]
 [ 0.    0.   -1.    0.25]
Operation 3:
 [ 1.    1.    1.    0.25]
 [ 0.    0.   -1.    0.25]
 [ 0.   -1.    0.    0.25]
Operation 4:
 [ 0.   -1.    0.    0.25]
 [-1.    0.    0.    0.25]
 [ 1.    1.    1.    0.25]
Operation 5:
 [ 0.    0.   -1.   -0.75]
 [ 1.    1.    1.    0.25]
 [-1.    0.    0.    0.25]
Operation 6:
 [-1 -1 -1  0]
 [ 0  0  1  0]
 [ 0  1  0  0]
Operation 7:
 [ 0  1  0  0]
 [ 1  0  0  0]
 [-1 -1 -1  0]
Operation 8:
 [ 0  0  1  0]
 [-1 -1 -1  0]
 [ 1  0  0  0]
Operation 9:
 [-1 -1 -1  0]
 [ 0  1  0  0]
 [ 1  0  0  0]
Operation 10:
 [0 0 1 0]
 [1 0 0 0]
 [0 1 0 0]
Operation 11:
 [ 0  1  0  0]
 [-1 -1 -1  0]
 [ 0  0  1  0]
Operation 12:
 [ 1  0  0  0]
 [ 0  0  1  0]
 [-1 -1 -1  0]
Operation 13:
 [ 0  0  1  0]
 [ 0  1  0  0]
 [-1 -1 -1  0]
Operation 14:
 [0 1 0 0]
 [0 0 1 0]
 [1 0 0 0]
Operation 15:
 [-1 -1 -1  0]
 [ 1  0  0  0]
 [ 0  0  1  0]
Operation 16:
 [ 1  0  0  0]
 [-1 -1 -1  0]
 [ 0  1  0  0]
Operation 17:
 [ 1.    1.    1.    0.25]
 [ 0.   -1.    0.    0.25]
 [-1.    0.    0.    0.25]
Operation 18:
 [ 0.    0.   -1.    0.25]
 [-1.    0.    0.    0.25]
 [ 0.   -1.    0.    0.25]
Operation 19:
 [ 0.   -1.    0.    0.25]
 [ 1.    1.    1.    0.25]
 [ 0.    0.   -1.    0.25]
Operation 20:
 [-1.    0.    0.    0.25]
 [ 0.    0.   -1.   -0.75]
 [ 1.    1.    1.    0.25]
Operation 21:
 [ 0.    0.   -1.    0.25]
 [ 0.   -1.    0.    0.25]
 [ 1.    1.    1.    0.25]
Operation 22:
 [ 0.   -1.    0.    0.25]
 [ 0.    0.   -1.    0.25]
 [-1.    0.    0.    0.25]
Operation 23:
 [ 1.    1.    1.    0.25]
 [-1.    0.    0.    0.25]
 [ 0.    0.   -1.   -0.75]
Operation 24:
 [-1.    0.    0.    0.25]
 [ 1.    1.    1.    0.25]
 [ 0.   -1.    0.    0.25]
Operation 25:
 [ 0.    0.   -1.    0.25]
 [-1.    0.    0.    0.25]
 [ 1.    1.    1.    0.25]
Operation 26:
 [ 0.    0.   -1.    0.25]
 [ 1.    1.    1.    0.25]
 [ 0.   -1.    0.   -0.75]
Operation 27:
 [ 0.   -1.    0.   -0.75]
 [ 0.    0.   -1.    0.25]
 [ 1.    1.    1.    0.25]
Operation 28:
 [ 0.   -1.    0.   -0.75]
 [ 1.    1.    1.    0.25]
 [-1.    0.    0.    0.25]
Operation 29:
 [ 1.    1.    1.    0.25]
 [ 0.    0.   -1.    0.25]
 [-1.    0.    0.    0.25]
Operation 30:
 [ 1.    1.    1.    0.25]
 [-1.    0.    0.    0.25]
 [ 0.   -1.    0.   -0.75]
Operation 31:
 [ 0  0  1  0]
 [ 1  0  0  0]
 [-1 -1 -1  0]
Operation 32:
 [ 0  0  1  0]
 [-1 -1 -1  0]
 [ 0  1  0  0]
Operation 33:
 [ 0  1  0  0]
 [ 0  0  1  0]
 [-1 -1 -1  0]
Operation 34:
 [ 0  1  0  0]
 [-1 -1 -1  0]
 [ 1  0  0  0]
Operation 35:
 [-1 -1 -1  0]
 [ 0  0  1  0]
 [ 1  0  0  0]
Operation 36:
 [-1 -1 -1  0]
 [ 1  0  0  0]
 [ 0  1  0  0]
Operation 37:
 [-1.    0.    0.    0.25]
 [ 1.    1.    1.    0.25]
 [ 0.    0.   -1.    0.25]
Operation 38:
 [ 0.    0.   -1.    0.25]
 [ 0.   -1.    0.   -0.75]
 [-1.    0.    0.    0.25]
Operation 39:
 [ 0.   -1.    0.   -0.75]
 [-1.    0.    0.    0.25]
 [ 0.    0.   -1.    0.25]
Operation 40:
 [-1.    0.    0.    0.25]
 [ 0.    0.   -1.    0.25]
 [ 0.   -1.    0.   -0.75]
Operation 41:
 [-1.    0.    0.    0.25]
 [ 0.   -1.    0.   -0.75]
 [ 1.    1.    1.    0.25]
Operation 42:
 [ 1.    1.    1.    0.25]
 [ 0.   -1.    0.   -0.75]
 [ 0.    0.   -1.    0.25]
Operation 43:
 [ 1  0  0  0]
 [-1 -1 -1  0]
 [ 0  0  1  0]
Operation 44:
 [0 0 1 0]
 [0 1 0 0]
 [1 0 0 0]
Operation 45:
 [0 1 0 0]
 [1 0 0 0]
 [0 0 1 0]
Operation 46:
 [1 0 0 0]
 [0 0 1 0]
 [0 1 0 0]
Operation 47:
 [ 1  0  0  0]
 [ 0  1  0  0]
 [-1 -1 -1  0]
Operation 48:
 [-1 -1 -1  0]
 [ 0  1  0  0]
 [ 0  0  1  0]

Irreducible representation:
GM1 {1}: [1 1 1 1 1 1 1 1 1 1 1 1 1 1 1 1 1 1 1 1 1 1 1 1 1 1 1 1 1 1 1 1 1 1 1 1 1 1 1 1 1 1 1 1 1 1 1 1]
GM2 {2}: [ 1  1  1  1  1  1  1  1  1  1  1  1  1  1  1  1  1  1  1  1  1  1  1  1 -1 -1 -1 -1 -1 -1 -1 -1 -1 -1 -1 -1 -1 -1 -1 -1 -1 -1 -1 -1 -1 -1 -1 -1]
GM3 {3}: [ 1 -1 -1 -1 -1  1  1  1  1  1  1  1  1  1  1  1 -1 -1 -1 -1 -1 -1 -1 -1 -1 -1 -1 -1 -1 -1  1  1  1  1  1  1 -1 -1 -1 -1 -1 -1  1  1  1  1  1  1]
GM4 {4}: [ 1 -1 -1 -1 -1  1  1  1  1  1  1  1  1  1  1  1 -1 -1 -1 -1 -1 -1 -1 -1  1  1  1  1  1  1 -1 -1 -1 -1 -1 -1  1  1  1  1  1  1 -1 -1 -1 -1 -1 -1]
GM5 {5}: [ 2  2  2  2  2  2  2  2 -1 -1 -1 -1 -1 -1 -1 -1 -1 -1 -1 -1 -1 -1 -1 -1  0  0  0  0  0  0  0  0  0  0  0  0  0  0  0  0  0  0  0  0  0  0  0  0]
GM6 {6}: [ 2 -2 -2 -2 -2  2  2  2 -1 -1 -1 -1 -1 -1 -1 -1  1  1  1  1  1  1  1  1  0  0  0  0  0  0  0  0  0  0  0  0  0  0  0  0  0  0  0  0  0  0  0  0]
GM7 {7}: [ 3  3 -1 -1 -1 -1 -1 -1  0  0  0  0  0  0  0  0  0  0  0  0  0  0  0  0  1  1  1  1  1  1  1  1  1  1  1  1 -1 -1 -1 -1 -1 -1 -1 -1 -1 -1 -1 -1]
GM8 {8}: [ 3  3 -1 -1 -1 -1 -1 -1  0  0  0  0  0  0  0  0  0  0  0  0  0  0  0  0 -1 -1 -1 -1 -1 -1 -1 -1 -1 -1 -1 -1  1  1  1  1  1  1  1  1  1  1  1  1]
GM9 {9}: [ 3 -3  1  1  1 -1 -1 -1  0  0  0  0  0  0  0  0  0  0  0  0  0  0  0  0  1  1  1  1  1  1 -1 -1 -1 -1 -1 -1 -1 -1 -1 -1 -1 -1  1  1  1  1  1  1]
GM10 {10}: [ 3 -3  1  1  1 -1 -1 -1  0  0  0  0  0  0  0  0  0  0  0  0  0  0  0  0 -1 -1 -1 -1 -1 -1  1  1  1  1  1  1  1  1  1  1  1  1 -1 -1 -1 -1 -1 -1]
----------------------------------------------------------------------------
HSP: L
k (prim): (1/2, 1/2, 1/2)
k (conv): (1/2, 1/2, 1/2)

Little group operation matrix (prim):
Operation 1:
 [1 0 0 0]
 [0 1 0 0]
 [0 0 1 0]
Operation 2:
 [-1.    0.    0.    0.25]
 [ 0.   -1.    0.    0.25]
 [ 0.    0.   -1.    0.25]
Operation 3:
 [0 0 1 0]
 [1 0 0 0]
 [0 1 0 0]
Operation 4:
 [0 1 0 0]
 [0 0 1 0]
 [1 0 0 0]
Operation 5:
 [ 0.    0.   -1.    0.25]
 [-1.    0.    0.    0.25]
 [ 0.   -1.    0.    0.25]
Operation 6:
 [ 0.   -1.    0.    0.25]
 [ 0.    0.   -1.    0.25]
 [-1.    0.    0.    0.25]
Operation 7:
 [ 0.    0.   -1.    0.25]
 [ 0.   -1.    0.   -0.75]
 [-1.    0.    0.    0.25]
Operation 8:
 [ 0.   -1.    0.   -0.75]
 [-1.    0.    0.    0.25]
 [ 0.    0.   -1.    0.25]
Operation 9:
 [-1.    0.    0.    0.25]
 [ 0.    0.   -1.    0.25]
 [ 0.   -1.    0.   -0.75]
Operation 10:
 [0 0 1 0]
 [0 1 0 0]
 [1 0 0 0]
Operation 11:
 [0 1 0 0]
 [1 0 0 0]
 [0 0 1 0]
Operation 12:
 [1 0 0 0]
 [0 0 1 0]
 [0 1 0 0]

Irreducible representation:
L1 {1}: [ 1.        +0.j         -0.70710678+0.70710678j  1.        +0.j  1.        +0.j         -0.70710678+0.70710678j -0.70710678+0.70710678j -0.70710678+0.70710678j -0.70710678+0.70710678j -0.70710678+0.70710678j  1.        +0.j          1.        +0.j          1.        +0.j        ]
L2 {2}: [ 1.        +0.j         -0.70710678+0.70710678j  1.        +0.j  1.        +0.j         -0.70710678+0.70710678j -0.70710678+0.70710678j  0.70710678-0.70710678j  0.70710678-0.70710678j  0.70710678-0.70710678j -1.        +0.j         -1.        +0.j         -1.        +0.j        ]
L3 {3}: [ 1.        +0.j          0.70710678-0.70710678j  1.        +0.j  1.        +0.j          0.70710678-0.70710678j  0.70710678-0.70710678j -0.70710678+0.70710678j -0.70710678+0.70710678j -0.70710678+0.70710678j -1.        +0.j         -1.        +0.j         -1.        +0.j        ]
L4 {4}: [1.        +0.j         0.70710678-0.70710678j 1.        +0.j 1.        +0.j         0.70710678-0.70710678j 0.70710678-0.70710678j 0.70710678-0.70710678j 0.70710678-0.70710678j 0.70710678-0.70710678j 1.        +0.j         1.        +0.j         1.        +0.j        ]
L5 {5}: [ 2.        +0.j         -1.41421356+1.41421356j -1.        +0.j -1.        +0.j          0.70710678-0.70710678j  0.70710678-0.70710678j  0.        +0.j          0.        +0.j          0.        +0.j  0.        +0.j          0.        +0.j          0.        +0.j        ]
L6 {6}: [ 2.        +0.j          1.41421356-1.41421356j -1.        +0.j -1.        +0.j         -0.70710678+0.70710678j -0.70710678+0.70710678j  0.        +0.j          0.        +0.j          0.        +0.j  0.        +0.j          0.        +0.j          0.        +0.j        ]
----------------------------------------------------------------------------
HSP: W
k (prim): (1/2, 1/4, 3/4)
k (conv): (1/2, 1, 0)

Little group operation matrix (prim):
Operation 1:
 [1 0 0 0]
 [0 1 0 0]
 [0 0 1 0]
Operation 2:
 [ 0.   -1.    0.    0.25]
 [-1.    0.    0.    0.25]
 [ 1.    1.    1.    0.25]
Operation 3:
 [ 0.    0.   -1.   -0.75]
 [ 1.    1.    1.    0.25]
 [-1.    0.    0.    0.25]
Operation 4:
 [-1 -1 -1  0]
 [ 0  0  1  0]
 [ 0  1  0  0]
Operation 5:
 [ 0  0  1  0]
 [ 1  0  0  0]
 [-1 -1 -1  0]
Operation 6:
 [ 0  1  0  0]
 [-1 -1 -1  0]
 [ 1  0  0  0]
Operation 7:
 [-1.    0.    0.    0.25]
 [ 0.    0.   -1.    0.25]
 [ 0.   -1.    0.   -0.75]
Operation 8:
 [ 1.    1.    1.    0.25]
 [ 0.   -1.    0.   -0.75]
 [ 0.    0.   -1.    0.25]

Irreducible representation:
W1 {1}: [2.+0.j 0.+0.j 0.+0.j 0.+0.j 1.-1.j 1.+1.j 0.+0.j 0.+0.j]
W2 {2}: [ 2.+0.j  0.+0.j  0.+0.j  0.+0.j -1.+1.j -1.-1.j  0.+0.j  0.+0.j]
----------------------------------------------------------------------------
HSP: X
k (prim): (1/2, 0, 1/2)
k (conv): (0, 1, 0)

Little group operation matrix (prim):
Operation 1:
 [1 0 0 0]
 [0 1 0 0]
 [0 0 1 0]
Operation 2:
 [-1.    0.    0.    0.25]
 [ 0.   -1.    0.    0.25]
 [ 0.    0.   -1.    0.25]
Operation 3:
 [ 1.    1.    1.    0.25]
 [ 0.    0.   -1.    0.25]
 [ 0.   -1.    0.    0.25]
Operation 4:
 [ 0.   -1.    0.    0.25]
 [-1.    0.    0.    0.25]
 [ 1.    1.    1.    0.25]
Operation 5:
 [ 0.    0.   -1.   -0.75]
 [ 1.    1.    1.    0.25]
 [-1.    0.    0.    0.25]
Operation 6:
 [-1 -1 -1  0]
 [ 0  0  1  0]
 [ 0  1  0  0]
Operation 7:
 [ 0  1  0  0]
 [ 1  0  0  0]
 [-1 -1 -1  0]
Operation 8:
 [ 0  0  1  0]
 [-1 -1 -1  0]
 [ 1  0  0  0]
Operation 9:
 [ 0.   -1.    0.   -0.75]
 [ 0.    0.   -1.    0.25]
 [ 1.    1.    1.    0.25]
Operation 10:
 [ 1.    1.    1.    0.25]
 [-1.    0.    0.    0.25]
 [ 0.   -1.    0.   -0.75]
Operation 11:
 [ 0  1  0  0]
 [ 0  0  1  0]
 [-1 -1 -1  0]
Operation 12:
 [-1 -1 -1  0]
 [ 1  0  0  0]
 [ 0  1  0  0]
Operation 13:
 [-1.    0.    0.    0.25]
 [ 1.    1.    1.    0.25]
 [ 0.    0.   -1.    0.25]
Operation 14:
 [ 0.    0.   -1.    0.25]
 [ 0.   -1.    0.   -0.75]
 [-1.    0.    0.    0.25]
Operation 15:
 [ 1  0  0  0]
 [-1 -1 -1  0]
 [ 0  0  1  0]
Operation 16:
 [0 0 1 0]
 [0 1 0 0]
 [1 0 0 0]

Irreducible representation:
X1 {1}: [2 0 0 0 0 0 0 2 0 0 0 0 0 0 2 2]
X2 {2}: [ 2.+0.j  0.+0.j  0.+0.j  0.+0.j  0.+0.j  0.+0.j  0.+0.j -2.+0.j  0.+0.j  0.+0.j  0.+0.j  0.+0.j -0.-2.j  0.+2.j  0.+0.j  0.+0.j]
X3 {3}: [ 2  0  0  0  0  0  0  2  0  0  0  0  0  0 -2 -2]
X4 {4}: [ 2.+0.j  0.+0.j  0.+0.j  0.+0.j  0.+0.j  0.+0.j  0.+0.j -2.+0.j  0.+0.j  0.+0.j  0.+0.j  0.+0.j  0.+2.j -0.-2.j  0.+0.j  0.+0.j]
----------------------------------------------------------------------------
