Bravais Lattice: Cubic body-centered lattice
Space group number: 230
Irreducible representation data of high-symmetry points:

----------------------------------------------------------------------------
HSP: GM
k (prim): (0, 0, 0)
k (conv): (0, 0, 0)

Little group operation matrix (prim):
Operation 1:
 [1 0 0 0]
 [0 1 0 0]
 [0 0 1 0]
Operation 2:
 [-1  0  0  0]
 [ 0 -1  0  0]
 [ 0  0 -1  0]
Operation 3:
 [ 1.   0.   0.   0.5]
 [ 1.   0.  -1.   0.5]
 [ 1.  -1.   0.   0. ]
Operation 4:
 [ 0.  -1.   1.   0.5]
 [-1.   0.   1.   0. ]
 [ 0.   0.   1.   0.5]
Operation 5:
 [ 0.   1.  -1.   0. ]
 [ 0.   1.   0.  -0.5]
 [-1.   1.   0.  -0.5]
Operation 6:
 [-1.   0.   0.  -0.5]
 [-1.   0.   1.  -0.5]
 [-1.   1.   0.   0. ]
Operation 7:
 [ 0.   1.  -1.  -0.5]
 [ 1.   0.  -1.   0. ]
 [ 0.   0.  -1.  -0.5]
Operation 8:
 [ 0.  -1.   1.   0. ]
 [ 0.  -1.   0.   0.5]
 [ 1.  -1.   0.   0.5]
Operation 9:
 [ 0.   0.  -1.  -0.5]
 [ 0.   1.  -1.  -0.5]
 [ 1.   0.  -1.   0. ]
Operation 10:
 [0 0 1 0]
 [1 0 0 0]
 [0 1 0 0]
Operation 11:
 [-1.   1.   0.   0. ]
 [-1.   0.   0.  -0.5]
 [-1.   0.   1.  -0.5]
Operation 12:
 [ 1.  -1.   0.   0.5]
 [ 0.  -1.   1.   0. ]
 [ 0.  -1.   0.   0.5]
Operation 13:
 [-1.   0.   1.  -0.5]
 [-1.   1.   0.   0. ]
 [-1.   0.   0.  -0.5]
Operation 14:
 [0 1 0 0]
 [0 0 1 0]
 [1 0 0 0]
Operation 15:
 [ 0.  -1.   0.   0.5]
 [ 1.  -1.   0.   0.5]
 [ 0.  -1.   1.   0. ]
Operation 16:
 [ 1.   0.  -1.   0. ]
 [ 0.   0.  -1.  -0.5]
 [ 0.   1.  -1.  -0.5]
Operation 17:
 [ 0.   0.   1.   0.5]
 [ 0.  -1.   1.   0.5]
 [-1.   0.   1.   0. ]
Operation 18:
 [ 0  0 -1  0]
 [-1  0  0  0]
 [ 0 -1  0  0]
Operation 19:
 [ 1.  -1.   0.   0. ]
 [ 1.   0.   0.   0.5]
 [ 1.   0.  -1.   0.5]
Operation 20:
 [-1.   1.   0.  -0.5]
 [ 0.   1.  -1.   0. ]
 [ 0.   1.   0.  -0.5]
Operation 21:
 [ 1.   0.  -1.   0.5]
 [ 1.  -1.   0.   0. ]
 [ 1.   0.   0.   0.5]
Operation 22:
 [ 0 -1  0  0]
 [ 0  0 -1  0]
 [-1  0  0  0]
Operation 23:
 [ 0.   1.   0.  -0.5]
 [-1.   1.   0.  -0.5]
 [ 0.   1.  -1.   0. ]
Operation 24:
 [-1.   0.   1.   0. ]
 [ 0.   0.   1.   0.5]
 [ 0.  -1.   1.   0.5]
Operation 25:
 [ 0.   1.  -1.   0.5]
 [-1.   1.   0.   0. ]
 [ 0.   1.   0.   0. ]
Operation 26:
 [ 1.   0.  -1.   0. ]
 [ 1.   0.   0.   0. ]
 [ 1.  -1.   0.  -0.5]
Operation 27:
 [ 1.  -1.   0.  -0.5]
 [ 1.   0.  -1.   0. ]
 [ 1.   0.   0.   0. ]
Operation 28:
 [ 0.  -1.   1.   0. ]
 [ 0.   0.   1.   0. ]
 [-1.   0.   1.  -0.5]
Operation 29:
 [ 0.   1.   0.   0. ]
 [ 0.   1.  -1.   0.5]
 [-1.   1.   0.   0. ]
Operation 30:
 [ 0.   0.   1.   0. ]
 [-1.   0.   1.  -0.5]
 [ 0.  -1.   1.   0. ]
Operation 31:
 [ 0.  -1.   1.  -0.5]
 [ 1.  -1.   0.   0. ]
 [ 0.  -1.   0.   0. ]
Operation 32:
 [-1.   0.   1.   0. ]
 [-1.   0.   0.   0. ]
 [-1.   1.   0.   0.5]
Operation 33:
 [-1.   1.   0.   0.5]
 [-1.   0.   1.   0. ]
 [-1.   0.   0.   0. ]
Operation 34:
 [ 0.   1.  -1.   0. ]
 [ 0.   0.  -1.   0. ]
 [ 1.   0.  -1.   0.5]
Operation 35:
 [ 0.  -1.   0.   0. ]
 [ 0.  -1.   1.  -0.5]
 [ 1.  -1.   0.   0. ]
Operation 36:
 [ 0.   0.  -1.   0. ]
 [ 1.   0.  -1.   0.5]
 [ 0.   1.  -1.   0. ]
Operation 37:
 [-1.   1.   0.   0. ]
 [ 0.   1.   0.   0. ]
 [ 0.   1.  -1.   0.5]
Operation 38:
 [ 0.   0.  -1.   0.5]
 [ 0.  -1.   0.   0.5]
 [-1.   0.   0.   0.5]
Operation 39:
 [ 0.  -1.   0.   0.5]
 [-1.   0.   0.   0.5]
 [ 0.   0.  -1.   0.5]
Operation 40:
 [-1.   0.   0.   0.5]
 [ 0.   0.  -1.   0.5]
 [ 0.  -1.   0.   0.5]
Operation 41:
 [-1.   0.   1.  -0.5]
 [ 0.  -1.   1.   0. ]
 [ 0.   0.   1.   0. ]
Operation 42:
 [ 1.   0.   0.   0. ]
 [ 1.  -1.   0.  -0.5]
 [ 1.   0.  -1.   0. ]
Operation 43:
 [ 1.  -1.   0.   0. ]
 [ 0.  -1.   0.   0. ]
 [ 0.  -1.   1.  -0.5]
Operation 44:
 [ 0.   0.   1.  -0.5]
 [ 0.   1.   0.  -0.5]
 [ 1.   0.   0.  -0.5]
Operation 45:
 [ 0.   1.   0.  -0.5]
 [ 1.   0.   0.  -0.5]
 [ 0.   0.   1.  -0.5]
Operation 46:
 [ 1.   0.   0.  -0.5]
 [ 0.   0.   1.  -0.5]
 [ 0.   1.   0.  -0.5]
Operation 47:
 [ 1.   0.  -1.   0.5]
 [ 0.   1.  -1.   0. ]
 [ 0.   0.  -1.   0. ]
Operation 48:
 [-1.   0.   0.   0. ]
 [-1.   1.   0.   0.5]
 [-1.   0.   1.   0. ]

Irreducible representation:
GM1 {1}: [1 1 1 1 1 1 1 1 1 1 1 1 1 1 1 1 1 1 1 1 1 1 1 1 1 1 1 1 1 1 1 1 1 1 1 1 1 1 1 1 1 1 1 1 1 1 1 1]
GM2 {2}: [ 1  1  1  1  1  1  1  1  1  1  1  1  1  1  1  1  1  1  1  1  1  1  1  1 -1 -1 -1 -1 -1 -1 -1 -1 -1 -1 -1 -1 -1 -1 -1 -1 -1 -1 -1 -1 -1 -1 -1 -1]
GM3 {3}: [ 1 -1 -1 -1 -1  1  1  1  1  1  1  1  1  1  1  1 -1 -1 -1 -1 -1 -1 -1 -1 -1 -1 -1 -1 -1 -1  1  1  1  1  1  1 -1 -1 -1 -1 -1 -1  1  1  1  1  1  1]
GM4 {4}: [ 1 -1 -1 -1 -1  1  1  1  1  1  1  1  1  1  1  1 -1 -1 -1 -1 -1 -1 -1 -1  1  1  1  1  1  1 -1 -1 -1 -1 -1 -1  1  1  1  1  1  1 -1 -1 -1 -1 -1 -1]
GM5 {5}: [ 2  2  2  2  2  2  2  2 -1 -1 -1 -1 -1 -1 -1 -1 -1 -1 -1 -1 -1 -1 -1 -1  0  0  0  0  0  0  0  0  0  0  0  0  0  0  0  0  0  0  0  0  0  0  0  0]
GM6 {6}: [ 2 -2 -2 -2 -2  2  2  2 -1 -1 -1 -1 -1 -1 -1 -1  1  1  1  1  1  1  1  1  0  0  0  0  0  0  0  0  0  0  0  0  0  0  0  0  0  0  0  0  0  0  0  0]
GM7 {7}: [ 3  3 -1 -1 -1 -1 -1 -1  0  0  0  0  0  0  0  0  0  0  0  0  0  0  0  0  1  1  1  1  1  1  1  1  1  1  1  1 -1 -1 -1 -1 -1 -1 -1 -1 -1 -1 -1 -1]
GM8 {8}: [ 3  3 -1 -1 -1 -1 -1 -1  0  0  0  0  0  0  0  0  0  0  0  0  0  0  0  0 -1 -1 -1 -1 -1 -1 -1 -1 -1 -1 -1 -1  1  1  1  1  1  1  1  1  1  1  1  1]
GM9 {9}: [ 3 -3  1  1  1 -1 -1 -1  0  0  0  0  0  0  0  0  0  0  0  0  0  0  0  0  1  1  1  1  1  1 -1 -1 -1 -1 -1 -1 -1 -1 -1 -1 -1 -1  1  1  1  1  1  1]
GM10 {10}: [ 3 -3  1  1  1 -1 -1 -1  0  0  0  0  0  0  0  0  0  0  0  0  0  0  0  0 -1 -1 -1 -1 -1 -1  1  1  1  1  1  1  1  1  1  1  1  1 -1 -1 -1 -1 -1 -1]
----------------------------------------------------------------------------
HSP: H
k (prim): (1/2, 1/2, 1/2)
k (conv): (1, 1, 1)

Little group operation matrix (prim):
Operation 1:
 [1 0 0 0]
 [0 1 0 0]
 [0 0 1 0]
Operation 2:
 [-1  0  0  0]
 [ 0 -1  0  0]
 [ 0  0 -1  0]
Operation 3:
 [ 1.   0.   0.   0.5]
 [ 1.   0.  -1.   0.5]
 [ 1.  -1.   0.   0. ]
Operation 4:
 [ 0.  -1.   1.   0.5]
 [-1.   0.   1.   0. ]
 [ 0.   0.   1.   0.5]
Operation 5:
 [ 0.   1.  -1.   0. ]
 [ 0.   1.   0.  -0.5]
 [-1.   1.   0.  -0.5]
Operation 6:
 [-1.   0.   0.  -0.5]
 [-1.   0.   1.  -0.5]
 [-1.   1.   0.   0. ]
Operation 7:
 [ 0.   1.  -1.  -0.5]
 [ 1.   0.  -1.   0. ]
 [ 0.   0.  -1.  -0.5]
Operation 8:
 [ 0.  -1.   1.   0. ]
 [ 0.  -1.   0.   0.5]
 [ 1.  -1.   0.   0.5]
Operation 9:
 [ 0.   0.  -1.  -0.5]
 [ 0.   1.  -1.  -0.5]
 [ 1.   0.  -1.   0. ]
Operation 10:
 [0 0 1 0]
 [1 0 0 0]
 [0 1 0 0]
Operation 11:
 [-1.   1.   0.   0. ]
 [-1.   0.   0.  -0.5]
 [-1.   0.   1.  -0.5]
Operation 12:
 [ 1.  -1.   0.   0.5]
 [ 0.  -1.   1.   0. ]
 [ 0.  -1.   0.   0.5]
Operation 13:
 [-1.   0.   1.  -0.5]
 [-1.   1.   0.   0. ]
 [-1.   0.   0.  -0.5]
Operation 14:
 [0 1 0 0]
 [0 0 1 0]
 [1 0 0 0]
Operation 15:
 [ 0.  -1.   0.   0.5]
 [ 1.  -1.   0.   0.5]
 [ 0.  -1.   1.   0. ]
Operation 16:
 [ 1.   0.  -1.   0. ]
 [ 0.   0.  -1.  -0.5]
 [ 0.   1.  -1.  -0.5]
Operation 17:
 [ 0.   0.   1.   0.5]
 [ 0.  -1.   1.   0.5]
 [-1.   0.   1.   0. ]
Operation 18:
 [ 0  0 -1  0]
 [-1  0  0  0]
 [ 0 -1  0  0]
Operation 19:
 [ 1.  -1.   0.   0. ]
 [ 1.   0.   0.   0.5]
 [ 1.   0.  -1.   0.5]
Operation 20:
 [-1.   1.   0.  -0.5]
 [ 0.   1.  -1.   0. ]
 [ 0.   1.   0.  -0.5]
Operation 21:
 [ 1.   0.  -1.   0.5]
 [ 1.  -1.   0.   0. ]
 [ 1.   0.   0.   0.5]
Operation 22:
 [ 0 -1  0  0]
 [ 0  0 -1  0]
 [-1  0  0  0]
Operation 23:
 [ 0.   1.   0.  -0.5]
 [-1.   1.   0.  -0.5]
 [ 0.   1.  -1.   0. ]
Operation 24:
 [-1.   0.   1.   0. ]
 [ 0.   0.   1.   0.5]
 [ 0.  -1.   1.   0.5]
Operation 25:
 [ 0.   1.  -1.   0.5]
 [-1.   1.   0.   0. ]
 [ 0.   1.   0.   0. ]
Operation 26:
 [ 1.   0.  -1.   0. ]
 [ 1.   0.   0.   0. ]
 [ 1.  -1.   0.  -0.5]
Operation 27:
 [ 1.  -1.   0.  -0.5]
 [ 1.   0.  -1.   0. ]
 [ 1.   0.   0.   0. ]
Operation 28:
 [ 0.  -1.   1.   0. ]
 [ 0.   0.   1.   0. ]
 [-1.   0.   1.  -0.5]
Operation 29:
 [ 0.   1.   0.   0. ]
 [ 0.   1.  -1.   0.5]
 [-1.   1.   0.   0. ]
Operation 30:
 [ 0.   0.   1.   0. ]
 [-1.   0.   1.  -0.5]
 [ 0.  -1.   1.   0. ]
Operation 31:
 [ 0.  -1.   1.  -0.5]
 [ 1.  -1.   0.   0. ]
 [ 0.  -1.   0.   0. ]
Operation 32:
 [-1.   0.   1.   0. ]
 [-1.   0.   0.   0. ]
 [-1.   1.   0.   0.5]
Operation 33:
 [-1.   1.   0.   0.5]
 [-1.   0.   1.   0. ]
 [-1.   0.   0.   0. ]
Operation 34:
 [ 0.   1.  -1.   0. ]
 [ 0.   0.  -1.   0. ]
 [ 1.   0.  -1.   0.5]
Operation 35:
 [ 0.  -1.   0.   0. ]
 [ 0.  -1.   1.  -0.5]
 [ 1.  -1.   0.   0. ]
Operation 36:
 [ 0.   0.  -1.   0. ]
 [ 1.   0.  -1.   0.5]
 [ 0.   1.  -1.   0. ]
Operation 37:
 [-1.   1.   0.   0. ]
 [ 0.   1.   0.   0. ]
 [ 0.   1.  -1.   0.5]
Operation 38:
 [ 0.   0.  -1.   0.5]
 [ 0.  -1.   0.   0.5]
 [-1.   0.   0.   0.5]
Operation 39:
 [ 0.  -1.   0.   0.5]
 [-1.   0.   0.   0.5]
 [ 0.   0.  -1.   0.5]
Operation 40:
 [-1.   0.   0.   0.5]
 [ 0.   0.  -1.   0.5]
 [ 0.  -1.   0.   0.5]
Operation 41:
 [-1.   0.   1.  -0.5]
 [ 0.  -1.   1.   0. ]
 [ 0.   0.   1.   0. ]
Operation 42:
 [ 1.   0.   0.   0. ]
 [ 1.  -1.   0.  -0.5]
 [ 1.   0.  -1.   0. ]
Operation 43:
 [ 1.  -1.   0.   0. ]
 [ 0.  -1.   0.   0. ]
 [ 0.  -1.   1.  -0.5]
Operation 44:
 [ 0.   0.   1.  -0.5]
 [ 0.   1.   0.  -0.5]
 [ 1.   0.   0.  -0.5]
Operation 45:
 [ 0.   1.   0.  -0.5]
 [ 1.   0.   0.  -0.5]
 [ 0.   0.   1.  -0.5]
Operation 46:
 [ 1.   0.   0.  -0.5]
 [ 0.   0.   1.  -0.5]
 [ 0.   1.   0.  -0.5]
Operation 47:
 [ 1.   0.  -1.   0.5]
 [ 0.   1.  -1.   0. ]
 [ 0.   0.  -1.   0. ]
Operation 48:
 [-1.   0.   0.   0. ]
 [-1.   1.   0.   0.5]
 [-1.   0.   1.   0. ]

Irreducible representation:
H1 {1}: [2 0 0 0 0 2 2 2 2 2 2 2 2 2 2 2 0 0 0 0 0 0 0 0 0 0 0 0 0 0 0 0 0 0 0 0 0 0 0 0 0 0 0 0 0 0 0 0]
H2 {2,3}: [ 4  0  0  0  0  4  4  4 -2 -2 -2 -2 -2 -2 -2 -2  0  0  0  0  0  0  0  0  0  0  0  0  0  0  0  0  0  0  0  0  0  0  0  0  0  0  0  0  0  0  0  0]
H3 {4}: [ 6  0  0  0  0 -2 -2 -2  0  0  0  0  0  0  0  0  0  0  0  0  0  0  0  0  0  0  0  0  0  0  0  0  0  0  0  0  0  0  0  0  0  0  0  0  0  0  0  0]
----------------------------------------------------------------------------
HSP: N
k (prim): (0, 0, 1/2)
k (conv): (1/2, 1/2, 0)

Little group operation matrix (prim):
Operation 1:
 [1 0 0 0]
 [0 1 0 0]
 [0 0 1 0]
Operation 2:
 [-1  0  0  0]
 [ 0 -1  0  0]
 [ 0  0 -1  0]
Operation 3:
 [ 0.  -1.   1.   0.5]
 [-1.   0.   1.   0. ]
 [ 0.   0.   1.   0.5]
Operation 4:
 [ 0.   1.  -1.  -0.5]
 [ 1.   0.  -1.   0. ]
 [ 0.   0.  -1.  -0.5]
Operation 5:
 [ 0.  -1.   0.   0.5]
 [-1.   0.   0.   0.5]
 [ 0.   0.  -1.   0.5]
Operation 6:
 [-1.   0.   1.  -0.5]
 [ 0.  -1.   1.   0. ]
 [ 0.   0.   1.   0. ]
Operation 7:
 [ 0.   1.   0.  -0.5]
 [ 1.   0.   0.  -0.5]
 [ 0.   0.   1.  -0.5]
Operation 8:
 [ 1.   0.  -1.   0.5]
 [ 0.   1.  -1.   0. ]
 [ 0.   0.  -1.   0. ]

Irreducible representation:
N1 {1}: [2 0 0 0 0 2 0 0]
N2 {2}: [ 2  0  0  0  0 -2  0  0]
----------------------------------------------------------------------------
HSP: P
k (prim): (1/4, 1/4, 1/4)
k (conv): (1/2, 1/2, 1/2)

Little group operation matrix (prim):
Operation 1:
 [1 0 0 0]
 [0 1 0 0]
 [0 0 1 0]
Operation 2:
 [-1.   0.   0.  -0.5]
 [-1.   0.   1.  -0.5]
 [-1.   1.   0.   0. ]
Operation 3:
 [ 0.   1.  -1.  -0.5]
 [ 1.   0.  -1.   0. ]
 [ 0.   0.  -1.  -0.5]
Operation 4:
 [ 0.  -1.   1.   0. ]
 [ 0.  -1.   0.   0.5]
 [ 1.  -1.   0.   0.5]
Operation 5:
 [ 0.   0.  -1.  -0.5]
 [ 0.   1.  -1.  -0.5]
 [ 1.   0.  -1.   0. ]
Operation 6:
 [0 0 1 0]
 [1 0 0 0]
 [0 1 0 0]
Operation 7:
 [-1.   1.   0.   0. ]
 [-1.   0.   0.  -0.5]
 [-1.   0.   1.  -0.5]
Operation 8:
 [ 1.  -1.   0.   0.5]
 [ 0.  -1.   1.   0. ]
 [ 0.  -1.   0.   0.5]
Operation 9:
 [-1.   0.   1.  -0.5]
 [-1.   1.   0.   0. ]
 [-1.   0.   0.  -0.5]
Operation 10:
 [0 1 0 0]
 [0 0 1 0]
 [1 0 0 0]
Operation 11:
 [ 0.  -1.   0.   0.5]
 [ 1.  -1.   0.   0.5]
 [ 0.  -1.   1.   0. ]
Operation 12:
 [ 1.   0.  -1.   0. ]
 [ 0.   0.  -1.  -0.5]
 [ 0.   1.  -1.  -0.5]
Operation 13:
 [ 0.  -1.   1.  -0.5]
 [ 1.  -1.   0.   0. ]
 [ 0.  -1.   0.   0. ]
Operation 14:
 [-1.   0.   1.   0. ]
 [-1.   0.   0.   0. ]
 [-1.   1.   0.   0.5]
Operation 15:
 [-1.   1.   0.   0.5]
 [-1.   0.   1.   0. ]
 [-1.   0.   0.   0. ]
Operation 16:
 [ 0.   1.  -1.   0. ]
 [ 0.   0.  -1.   0. ]
 [ 1.   0.  -1.   0.5]
Operation 17:
 [ 0.  -1.   0.   0. ]
 [ 0.  -1.   1.  -0.5]
 [ 1.  -1.   0.   0. ]
Operation 18:
 [ 0.   0.  -1.   0. ]
 [ 1.   0.  -1.   0.5]
 [ 0.   1.  -1.   0. ]
Operation 19:
 [ 1.  -1.   0.   0. ]
 [ 0.  -1.   0.   0. ]
 [ 0.  -1.   1.  -0.5]
Operation 20:
 [ 0.   0.   1.  -0.5]
 [ 0.   1.   0.  -0.5]
 [ 1.   0.   0.  -0.5]
Operation 21:
 [ 0.   1.   0.  -0.5]
 [ 1.   0.   0.  -0.5]
 [ 0.   0.   1.  -0.5]
Operation 22:
 [ 1.   0.   0.  -0.5]
 [ 0.   0.   1.  -0.5]
 [ 0.   1.   0.  -0.5]
Operation 23:
 [ 1.   0.  -1.   0.5]
 [ 0.   1.  -1.   0. ]
 [ 0.   0.  -1.   0. ]
Operation 24:
 [-1.   0.   0.   0. ]
 [-1.   1.   0.   0.5]
 [-1.   0.   1.   0. ]

Irreducible representation:
P1 {1,2}: [ 4  0  0  0  2 -2  2  2 -2 -2 -2 -2  0  0  0  0  0  0  0  0  0  0  0  0]
P2 {3}: [ 4  0  0  0 -1  1 -1 -1  1  1  1  1  0  0  0  0  0  0  0  0  0  0  0  0]
----------------------------------------------------------------------------
