Bravais Lattice: Orthorhombic base-centered lattice
Space group number: 65
Irreducible representation data of high-symmetry points:

----------------------------------------------------------------------------
HSP: GM
k (prim): (0, 0, 0)
k (conv): (0, 0, 0)

Little group operation matrix (prim):
Operation 1:
 [1 0 0 0]
 [0 1 0 0]
 [0 0 1 0]
Operation 2:
 [-1  0  0  0]
 [ 0 -1  0  0]
 [ 0  0  1  0]
Operation 3:
 [ 0 -1  0  0]
 [-1  0  0  0]
 [ 0  0 -1  0]
Operation 4:
 [ 0  1  0  0]
 [ 1  0  0  0]
 [ 0  0 -1  0]
Operation 5:
 [-1  0  0  0]
 [ 0 -1  0  0]
 [ 0  0 -1  0]
Operation 6:
 [ 1  0  0  0]
 [ 0  1  0  0]
 [ 0  0 -1  0]
Operation 7:
 [0 1 0 0]
 [1 0 0 0]
 [0 0 1 0]
Operation 8:
 [ 0 -1  0  0]
 [-1  0  0  0]
 [ 0  0  1  0]

Irreducible representation:
GM1 {1}: [1 1 1 1 1 1 1 1]
GM2 {2}: [ 1 -1  1 -1  1 -1  1 -1]
GM3 {3}: [ 1  1 -1 -1  1  1 -1 -1]
GM4 {4}: [ 1 -1 -1  1  1 -1 -1  1]
GM5 {5}: [ 1  1  1  1 -1 -1 -1 -1]
GM6 {6}: [ 1 -1  1 -1 -1  1 -1  1]
GM7 {7}: [ 1  1 -1 -1 -1 -1  1  1]
GM8 {8}: [ 1 -1 -1  1 -1  1  1 -1]
----------------------------------------------------------------------------
HSP: R
k (prim): (0, 1/2, 1/2)
k (conv): (1/2, 1/2, 1/2)

Little group operation matrix (prim):
Operation 1:
 [1 0 0 0]
 [0 1 0 0]
 [0 0 1 0]
Operation 2:
 [-1  0  0  0]
 [ 0 -1  0  0]
 [ 0  0  1  0]
Operation 3:
 [-1  0  0  0]
 [ 0 -1  0  0]
 [ 0  0 -1  0]
Operation 4:
 [ 1  0  0  0]
 [ 0  1  0  0]
 [ 0  0 -1  0]

Irreducible representation:
R1 {1}: [1 1 1 1]
R2 {2}: [ 1  1 -1 -1]
R3 {3}: [ 1 -1  1 -1]
R4 {4}: [ 1 -1 -1  1]
----------------------------------------------------------------------------
HSP: S
k (prim): (0, 1/2, 0)
k (conv): (1/2, 1/2, 0)

Little group operation matrix (prim):
Operation 1:
 [1 0 0 0]
 [0 1 0 0]
 [0 0 1 0]
Operation 2:
 [-1  0  0  0]
 [ 0 -1  0  0]
 [ 0  0  1  0]
Operation 3:
 [-1  0  0  0]
 [ 0 -1  0  0]
 [ 0  0 -1  0]
Operation 4:
 [ 1  0  0  0]
 [ 0  1  0  0]
 [ 0  0 -1  0]

Irreducible representation:
S1 {1}: [1 1 1 1]
S2 {2}: [ 1  1 -1 -1]
S3 {3}: [ 1 -1  1 -1]
S4 {4}: [ 1 -1 -1  1]
----------------------------------------------------------------------------
HSP: T
k (prim): (1/2, 1/2, 1/2)
k (conv): (1, 0, 1/2)

Little group operation matrix (prim):
Operation 1:
 [1 0 0 0]
 [0 1 0 0]
 [0 0 1 0]
Operation 2:
 [-1  0  0  0]
 [ 0 -1  0  0]
 [ 0  0  1  0]
Operation 3:
 [ 0 -1  0  0]
 [-1  0  0  0]
 [ 0  0 -1  0]
Operation 4:
 [ 0  1  0  0]
 [ 1  0  0  0]
 [ 0  0 -1  0]
Operation 5:
 [-1  0  0  0]
 [ 0 -1  0  0]
 [ 0  0 -1  0]
Operation 6:
 [ 1  0  0  0]
 [ 0  1  0  0]
 [ 0  0 -1  0]
Operation 7:
 [0 1 0 0]
 [1 0 0 0]
 [0 0 1 0]
Operation 8:
 [ 0 -1  0  0]
 [-1  0  0  0]
 [ 0  0  1  0]

Irreducible representation:
T1 {1}: [1 1 1 1 1 1 1 1]
T2 {2}: [ 1 -1  1 -1  1 -1  1 -1]
T3 {3}: [ 1  1 -1 -1  1  1 -1 -1]
T4 {4}: [ 1 -1 -1  1  1 -1 -1  1]
T5 {5}: [ 1  1  1  1 -1 -1 -1 -1]
T6 {6}: [ 1 -1  1 -1 -1  1 -1  1]
T7 {7}: [ 1  1 -1 -1 -1 -1  1  1]
T8 {8}: [ 1 -1 -1  1 -1  1  1 -1]
----------------------------------------------------------------------------
HSP: Y
k (prim): (1/2, 1/2, 0)
k (conv): (1, 0, 0)

Little group operation matrix (prim):
Operation 1:
 [1 0 0 0]
 [0 1 0 0]
 [0 0 1 0]
Operation 2:
 [-1  0  0  0]
 [ 0 -1  0  0]
 [ 0  0  1  0]
Operation 3:
 [ 0 -1  0  0]
 [-1  0  0  0]
 [ 0  0 -1  0]
Operation 4:
 [ 0  1  0  0]
 [ 1  0  0  0]
 [ 0  0 -1  0]
Operation 5:
 [-1  0  0  0]
 [ 0 -1  0  0]
 [ 0  0 -1  0]
Operation 6:
 [ 1  0  0  0]
 [ 0  1  0  0]
 [ 0  0 -1  0]
Operation 7:
 [0 1 0 0]
 [1 0 0 0]
 [0 0 1 0]
Operation 8:
 [ 0 -1  0  0]
 [-1  0  0  0]
 [ 0  0  1  0]

Irreducible representation:
Y1 {1}: [1 1 1 1 1 1 1 1]
Y2 {2}: [ 1 -1  1 -1  1 -1  1 -1]
Y3 {3}: [ 1  1 -1 -1  1  1 -1 -1]
Y4 {4}: [ 1 -1 -1  1  1 -1 -1  1]
Y5 {5}: [ 1  1  1  1 -1 -1 -1 -1]
Y6 {6}: [ 1 -1  1 -1 -1  1 -1  1]
Y7 {7}: [ 1  1 -1 -1 -1 -1  1  1]
Y8 {8}: [ 1 -1 -1  1 -1  1  1 -1]
----------------------------------------------------------------------------
HSP: Z
k (prim): (0, 0, 1/2)
k (conv): (0, 0, 1/2)

Little group operation matrix (prim):
Operation 1:
 [1 0 0 0]
 [0 1 0 0]
 [0 0 1 0]
Operation 2:
 [-1  0  0  0]
 [ 0 -1  0  0]
 [ 0  0  1  0]
Operation 3:
 [ 0 -1  0  0]
 [-1  0  0  0]
 [ 0  0 -1  0]
Operation 4:
 [ 0  1  0  0]
 [ 1  0  0  0]
 [ 0  0 -1  0]
Operation 5:
 [-1  0  0  0]
 [ 0 -1  0  0]
 [ 0  0 -1  0]
Operation 6:
 [ 1  0  0  0]
 [ 0  1  0  0]
 [ 0  0 -1  0]
Operation 7:
 [0 1 0 0]
 [1 0 0 0]
 [0 0 1 0]
Operation 8:
 [ 0 -1  0  0]
 [-1  0  0  0]
 [ 0  0  1  0]

Irreducible representation:
Z1 {1}: [1 1 1 1 1 1 1 1]
Z2 {2}: [ 1 -1  1 -1  1 -1  1 -1]
Z3 {3}: [ 1  1 -1 -1  1  1 -1 -1]
Z4 {4}: [ 1 -1 -1  1  1 -1 -1  1]
Z5 {5}: [ 1  1  1  1 -1 -1 -1 -1]
Z6 {6}: [ 1 -1  1 -1 -1  1 -1  1]
Z7 {7}: [ 1  1 -1 -1 -1 -1  1  1]
Z8 {8}: [ 1 -1 -1  1 -1  1  1 -1]
----------------------------------------------------------------------------
