Bravais Lattice: Orthorhombic face-centered lattice
Space group number: 70
Irreducible representation data of high-symmetry points:

----------------------------------------------------------------------------
HSP: GM
k (prim): (0, 0, 0)
k (conv): (0, 0, 0)

Little group operation matrix (prim):
Operation 1:
 [1 0 0 0]
 [0 1 0 0]
 [0 0 1 0]
Operation 2:
 [ 0  0  1  0]
 [-1 -1 -1  0]
 [ 1  0  0  0]
Operation 3:
 [ 0  1  0  0]
 [ 1  0  0  0]
 [-1 -1 -1  0]
Operation 4:
 [-1 -1 -1  0]
 [ 0  0  1  0]
 [ 0  1  0  0]
Operation 5:
 [-1.    0.    0.    0.25]
 [ 0.   -1.    0.    0.25]
 [ 0.    0.   -1.    0.25]
Operation 6:
 [ 0.    0.   -1.    0.25]
 [ 1.    1.    1.   -0.75]
 [-1.    0.    0.    0.25]
Operation 7:
 [ 0.   -1.    0.    0.25]
 [-1.    0.    0.    0.25]
 [ 1.    1.    1.   -0.75]
Operation 8:
 [ 1.    1.    1.   -0.75]
 [ 0.    0.   -1.    0.25]
 [ 0.   -1.    0.    0.25]

Irreducible representation:
GM1 {1}: [1 1 1 1 1 1 1 1]
GM2 {2}: [ 1 -1  1 -1  1 -1  1 -1]
GM3 {3}: [ 1  1 -1 -1  1  1 -1 -1]
GM4 {4}: [ 1 -1 -1  1  1 -1 -1  1]
GM5 {5}: [ 1  1  1  1 -1 -1 -1 -1]
GM6 {6}: [ 1 -1  1 -1 -1  1 -1  1]
GM7 {7}: [ 1  1 -1 -1 -1 -1  1  1]
GM8 {8}: [ 1 -1 -1  1 -1  1  1 -1]
----------------------------------------------------------------------------
HSP: L
k (prim): (1/2, 1/2, 1/2)
k (conv): (1/2, 1/2, 1/2)

Little group operation matrix (prim):
Operation 1:
 [1 0 0 0]
 [0 1 0 0]
 [0 0 1 0]
Operation 2:
 [-1.    0.    0.    0.25]
 [ 0.   -1.    0.    0.25]
 [ 0.    0.   -1.   -0.75]

Irreducible representation:
L1 {1}: [1.        +0.j         0.70710678-0.70710678j]
L2 {2}: [ 1.        +0.j         -0.70710678+0.70710678j]
----------------------------------------------------------------------------
HSP: T
k (prim): (0, 1/2, 1/2)
k (conv): (1, 0, 0)

Little group operation matrix (prim):
Operation 1:
 [1 0 0 0]
 [0 1 0 0]
 [0 0 1 0]
Operation 2:
 [ 0  0  1  0]
 [-1 -1 -1  0]
 [ 1  0  0  0]
Operation 3:
 [ 0  1  0  0]
 [ 1  0  0  0]
 [-1 -1 -1  0]
Operation 4:
 [-1 -1 -1  0]
 [ 0  0  1  0]
 [ 0  1  0  0]
Operation 5:
 [-1.    0.    0.    0.25]
 [ 0.   -1.    0.    0.25]
 [ 0.    0.   -1.    0.25]
Operation 6:
 [ 0.    0.   -1.    0.25]
 [ 1.    1.    1.   -0.75]
 [-1.    0.    0.    0.25]
Operation 7:
 [ 0.   -1.    0.    0.25]
 [-1.    0.    0.    0.25]
 [ 1.    1.    1.   -0.75]
Operation 8:
 [ 1.    1.    1.   -0.75]
 [ 0.    0.   -1.    0.25]
 [ 0.   -1.    0.    0.25]

Irreducible representation:
T1 {1}: [2 0 0 2 0 0 0 0]
T2 {2}: [ 2  0  0 -2  0  0  0  0]
----------------------------------------------------------------------------
HSP: Y
k (prim): (1/2, 0, 1/2)
k (conv): (0, 1, 0)

Little group operation matrix (prim):
Operation 1:
 [1 0 0 0]
 [0 1 0 0]
 [0 0 1 0]
Operation 2:
 [ 0  0  1  0]
 [-1 -1 -1  0]
 [ 1  0  0  0]
Operation 3:
 [ 0  1  0  0]
 [ 1  0  0  0]
 [-1 -1 -1  0]
Operation 4:
 [-1 -1 -1  0]
 [ 0  0  1  0]
 [ 0  1  0  0]
Operation 5:
 [-1.    0.    0.    0.25]
 [ 0.   -1.    0.    0.25]
 [ 0.    0.   -1.    0.25]
Operation 6:
 [ 0.    0.   -1.    0.25]
 [ 1.    1.    1.   -0.75]
 [-1.    0.    0.    0.25]
Operation 7:
 [ 0.   -1.    0.    0.25]
 [-1.    0.    0.    0.25]
 [ 1.    1.    1.   -0.75]
Operation 8:
 [ 1.    1.    1.   -0.75]
 [ 0.    0.   -1.    0.25]
 [ 0.   -1.    0.    0.25]

Irreducible representation:
Y1 {1}: [2 2 0 0 0 0 0 0]
Y2 {2}: [ 2 -2  0  0  0  0  0  0]
----------------------------------------------------------------------------
HSP: Z
k (prim): (1/2, 1/2, 0)
k (conv): (0, 0, 1)

Little group operation matrix (prim):
Operation 1:
 [1 0 0 0]
 [0 1 0 0]
 [0 0 1 0]
Operation 2:
 [ 0  0  1  0]
 [-1 -1 -1  0]
 [ 1  0  0  0]
Operation 3:
 [ 0  1  0  0]
 [ 1  0  0  0]
 [-1 -1 -1  0]
Operation 4:
 [-1 -1 -1  0]
 [ 0  0  1  0]
 [ 0  1  0  0]
Operation 5:
 [-1.    0.    0.    0.25]
 [ 0.   -1.    0.    0.25]
 [ 0.    0.   -1.    0.25]
Operation 6:
 [ 0.    0.   -1.    0.25]
 [ 1.    1.    1.   -0.75]
 [-1.    0.    0.    0.25]
Operation 7:
 [ 0.   -1.    0.    0.25]
 [-1.    0.    0.    0.25]
 [ 1.    1.    1.   -0.75]
Operation 8:
 [ 1.    1.    1.   -0.75]
 [ 0.    0.   -1.    0.25]
 [ 0.   -1.    0.    0.25]

Irreducible representation:
Z1 {1}: [2 0 2 0 0 0 0 0]
Z2 {2}: [ 2  0 -2  0  0  0  0  0]
----------------------------------------------------------------------------
