   3  144
1 1
     3.384412999965090     0.000000000000000    -0.000000000000000
     0.000000000000000     3.384412999965089    -0.000000000000000
    -0.000000000000000    -0.000000000000000     2.712814000000000
1 2
    -0.054876729240333    -0.011551050641228    -0.000000000000000
     0.011562615936115     0.028373729239913    -0.000000000000000
    -0.000000000000000    -0.000000000000000    -0.010815000000000
1 3
    -0.009868728795669     0.000000000000000    -0.000000000000000
    -0.000000000029809     0.012734728795175    -0.000000000000000
    -0.000000000000000    -0.000000000000000     0.007376000000000
1 4
    -0.054876729270799     0.011551050641228    -0.000000000000000
    -0.011562616155692     0.028373729270379    -0.000000000000000
    -0.000000000000000    -0.000000000000000    -0.010815000000000
1 5
     0.007566122553443     0.024488781262203    -0.000000000000000
     0.047602448068027    -0.034069122553863    -0.000000000000000
    -0.000000000000000    -0.000000000000000    -0.010815000000000
1 6
     0.007566122618033    -0.024488781262203    -0.000000000000000
    -0.047602447958212    -0.034069122618453    -0.000000000000000
    -0.000000000000000    -0.000000000000000    -0.010815000000000
1 7
    -0.007386045507854    -0.001405349378600    -0.000000000000000
    -0.001405349383227    -0.005763287826044    -0.000000000000000
    -0.000000000000000    -0.000000000000000     0.003421000000000
1 8
    -0.007386045511561     0.001405349378600    -0.000000000000000
     0.001405349378947    -0.005763287822338    -0.000000000000000
    -0.000000000000000    -0.000000000000000     0.003421000000000
1 9
     0.007083864384556     0.009787584234856    -0.000000000000000
     0.009787584267083    -0.004217864385050    -0.000000000000000
    -0.000000000000000    -0.000000000000000     0.007376000000000
1 10
    -0.004922995091524    -0.000000000000000    -0.000000000000000
     0.000000000004287    -0.008173671575723    -0.000000000000000
     0.000000000000000    -0.000000000000000     0.003406000000000
1 11
     0.007083864410372    -0.009787584234856    -0.000000000000000
    -0.009787584237274    -0.004217864410866    -0.000000000000000
    -0.000000000000000    -0.000000000000000     0.007376000000000
1 12
    -0.004951908981433    -0.000000000000000    -0.000000000000000
     0.000000000004280    -0.008197424352466    -0.000000000000000
     0.000000000000000    -0.000000000000000     0.003421000000000
1 13
     0.007556106606413     0.047608230620975    -0.000000000000000
     0.024494564052542    -0.034059106606833    -0.000000000000000
    -0.000000000000000    -0.000000000000000    -0.010815000000000
1 14
    -0.007361002456529     0.001407584206154    -0.000000000000000
     0.001407584206502    -0.005735664210718    -0.000000000000000
    -0.000000000000000    -0.000000000000000     0.003406000000000
1 15
    -0.007361002452817    -0.001407584206155    -0.000000000000000
    -0.001407584210789    -0.005735664214430    -0.000000000000000
    -0.000000000000000    -0.000000000000000     0.003406000000000
1 16
     0.007556106731982    -0.047608230620975    -0.000000000000000
    -0.024494563942780    -0.034059106732402    -0.000000000000000
    -0.000000000000000    -0.000000000000000    -0.010815000000000
1 17
     0.018166999999678     0.000000000000000    -0.000000000000000
     0.000000000000000     0.018166999999678    -0.000000000000000
    -0.000000000000000    -0.000000000000000    -0.028314000000000
1 18
    -0.003508475090368    -0.001390863248668    -0.003358166666667
     0.001390136736993     0.009229808423110    -0.000464478296403
    -0.003345789073738     0.000465649829178    -0.000797500000000
1 19
    -0.008496759019358     0.000000000000000    -0.000000000000000
    -0.000000000015673     0.003387425685397     0.000357957167214
     0.000000000000412    -0.000312339914344    -0.004316500000000
1 20
    -0.003508475094037     0.001390863248668     0.003358166666667
    -0.001390136770591     0.009229808426779    -0.000464478287545
     0.003345789072510     0.000465649829178    -0.000797500000000
1 21
     0.006044922957642     0.004125520182682     0.002081333333333
     0.006906520203304    -0.000323589624900    -0.002676018497317
     0.001269629958997    -0.003130363245055    -0.000797500000000
1 22
     0.006044922968524    -0.004125520182682    -0.002081333333333
    -0.006906520186507    -0.000323589635781    -0.002676018502807
    -0.001269629950741    -0.003130363245055    -0.000797500000000
1 23
    -0.005761767123394    -0.003642099498750     0.002797500000000
    -0.003642099510742    -0.001556232877241     0.001615137383177
    -0.003663538065403    -0.002115144687986     0.000132500000000
1 24
    -0.005761767133000     0.003642099498750    -0.002797500000000
     0.003642099499650    -0.001556232867635     0.001615137375798
     0.003663538070982    -0.002115144687986     0.000132500000000
1 25
     0.000416379502422     0.005146002924238    -0.000310000000000
     0.005146002941182    -0.005525712836383    -0.000178978584016
     0.000270494300471     0.000156169957172    -0.004316500000000
1 26
     0.000596265447147    -0.000000000000000    -0.000000000000000
     0.000000000011153    -0.007860932114416    -0.004235441578523
    -0.000000000004243     0.003217619857007     0.000135500000000
1 27
     0.000416379515995    -0.005146002924238     0.000310000000000
    -0.005146002925510    -0.005525712849956    -0.000178978583198
    -0.000270494300883     0.000156169957172    -0.004316500000000
1 28
     0.000546534255442    -0.000000000000000    -0.000000000000000
     0.000000000011092    -0.007864534256077    -0.003230274758975
    -0.000000000005579     0.004230289375971     0.000132500000000
1 29
     0.006045552119125     0.006906156934014    -0.001276833333333
     0.004125156949715    -0.000324218786383     0.003140496790352
    -0.002076159121769     0.002664713415877    -0.000797500000000
1 30
    -0.005746632728855     0.003662073963328    -0.003668000000000
     0.003662073964233    -0.001518033938414     0.002117720784424
     0.002786540540476    -0.001608809928503     0.000135500000000
1 31
    -0.005746632719196    -0.003662073963328     0.003668000000000
    -0.003662073975386    -0.001518033948073     0.002117720794099
    -0.002786540536233    -0.001608809928503     0.000135500000000
1 32
     0.006045552137340    -0.006906156934014     0.001276833333333
    -0.004125156932914    -0.000324218804598     0.003140496793720
     0.002076159114741     0.002664713415877    -0.000797500000000
1 33
     0.018166999999678     0.000000000000000     0.000000000000000
     0.000000000000000     0.018166999999678    -0.000000000000000
    -0.000000000000000    -0.000000000000000    -0.028314000000000
1 34
    -0.003508475090368    -0.001390863248668     0.003358166666667
     0.001390136736993     0.009229808423110     0.000464478296403
     0.003345789073738    -0.000465649829178    -0.000797500000000
1 35
    -0.008496759019358     0.000000000000000     0.000000000000000
    -0.000000000015673     0.003387425685397    -0.000357957167214
    -0.000000000000412     0.000312339914344    -0.004316500000000
1 36
    -0.003508475094037     0.001390863248668    -0.003358166666667
    -0.001390136770591     0.009229808426779     0.000464478287545
    -0.003345789072510    -0.000465649829178    -0.000797500000000
1 37
     0.006044922957642     0.004125520182682    -0.002081333333333
     0.006906520203304    -0.000323589624900     0.002676018497317
    -0.001269629958997     0.003130363245055    -0.000797500000000
1 38
     0.006044922968524    -0.004125520182682     0.002081333333333
    -0.006906520186507    -0.000323589635781     0.002676018502807
     0.001269629950741     0.003130363245055    -0.000797500000000
1 39
    -0.005761767123394    -0.003642099498750    -0.002797500000000
    -0.003642099510742    -0.001556232877241    -0.001615137383177
     0.003663538065403     0.002115144687986     0.000132500000000
1 40
    -0.005761767133000     0.003642099498750     0.002797500000000
     0.003642099499650    -0.001556232867635    -0.001615137375798
    -0.003663538070982     0.002115144687986     0.000132500000000
1 41
     0.000416379502422     0.005146002924238     0.000310000000000
     0.005146002941182    -0.005525712836383     0.000178978584016
    -0.000270494300471    -0.000156169957172    -0.004316500000000
1 42
     0.000596265447147    -0.000000000000000     0.000000000000000
     0.000000000011153    -0.007860932114416     0.004235441578523
     0.000000000004243    -0.003217619857007     0.000135500000000
1 43
     0.000416379515995    -0.005146002924238    -0.000310000000000
    -0.005146002925510    -0.005525712849956     0.000178978583198
     0.000270494300883    -0.000156169957172    -0.004316500000000
1 44
     0.000546534255442    -0.000000000000000     0.000000000000000
     0.000000000011092    -0.007864534256077     0.003230274758975
     0.000000000005579    -0.004230289375971     0.000132500000000
1 45
     0.006045552119125     0.006906156934014     0.001276833333333
     0.004125156949715    -0.000324218786383    -0.003140496790352
     0.002076159121769    -0.002664713415877    -0.000797500000000
1 46
    -0.005746632728855     0.003662073963328     0.003668000000000
     0.003662073964233    -0.001518033938414    -0.002117720784424
    -0.002786540540476     0.001608809928503     0.000135500000000
1 47
    -0.005746632719196    -0.003662073963328    -0.003668000000000
    -0.003662073975386    -0.001518033948073    -0.002117720794099
     0.002786540536233     0.001608809928503     0.000135500000000
1 48
     0.006045552137340    -0.006906156934014    -0.001276833333333
    -0.004125156932914    -0.000324218804598    -0.003140496793720
    -0.002076159114741    -0.002664713415877    -0.000797500000000
1 49
    -0.353607292459802    -0.000000000000000    -0.000000000000000
     0.000000001274377    -1.319942040844512    -0.000000000000000
    -0.000000000000000    -0.000000000000000    -0.337353000000000
1 50
     0.023370708935632     0.044479138012070    -0.000000000000000
     0.044479138158525    -0.027989375601685    -0.000000000000000
    -0.000000000000000    -0.000000000000000    -0.023669000000000
1 51
     0.016270354762474    -0.000000000000000    -0.000000000000000
     0.000000000027725    -0.004753021428574    -0.000000000000000
    -0.000000000000000    -0.000000000000000    -0.001690000000000
1 52
     0.023370709052948    -0.044479138012070    -0.000000000000000
    -0.044479138023060    -0.027989375719001    -0.000000000000000
    -0.000000000000000    -0.000000000000000    -0.023669000000000
1 53
    -0.011696283186440     0.008401762800211    -0.000000000000000
    -0.031423903995279     0.043815616520415    -0.000000000000000
    -0.000000000000000    -0.000000000000000     0.010309000000000
1 54
    -0.011696283164280    -0.008401762800211    -0.000000000000000
     0.031423903848864     0.043815616498255    -0.000000000000000
    -0.000000000000000    -0.000000000000000     0.010309000000000
1 55
     0.000502822607182     0.009103388919326    -0.000000000000000
     0.009103388921576     0.011014510726717    -0.000000000000000
    -0.000000000000000    -0.000000000000000    -0.001690000000000
1 56
     0.000502822631193    -0.009103388919326    -0.000000000000000
    -0.009103388949301     0.011014510702707    -0.000000000000000
    -0.000000000000000    -0.000000000000000    -0.001690000000000
1 57
     0.019968762138452    -0.049705726248262    -0.000000000000000
    -0.009880059588772     0.012150571195523    -0.000000000000000
    -0.000000000000000    -0.000000000000000     0.010309000000000
1 58
     0.017275000000302     0.000000000000000    -0.000000000000000
     0.000000000000000     0.017275000000302    -0.000000000000000
    -0.000000000000000    -0.000000000000000    -0.000539000000000
1 59
     0.019968762007351     0.049705726248262    -0.000000000000000
     0.009880059609392     0.012150571326624    -0.000000000000000
    -0.000000000000000    -0.000000000000000     0.010309000000000
1 60
    -0.053669417987659     0.000000000000000    -0.000000000000000
    -0.000000000135465     0.049050751321606    -0.000000000000000
    -0.000000000000000    -0.000000000000000    -0.023669000000000
1 61
    -1.078358354300156     0.418435219960111    -0.000000000000000
     0.418435220063502    -0.595190979004158    -0.000000000000000
    -0.000000000000000    -0.000000000000000    -0.337353000000000
1 62
     0.039906521101270     0.001631010951526    -0.000000000000000
    -0.038194655719843    -0.007787187767295    -0.000000000000000
    -0.000000000000000    -0.000000000000000     0.010309000000000
1 63
     0.039906521105572    -0.001631010951526    -0.000000000000000
     0.038194655845637    -0.007787187771597    -0.000000000000000
    -0.000000000000000    -0.000000000000000     0.010309000000000
1 64
    -1.078358353196513    -0.418435219960111    -0.000000000000000
    -0.418435221337879    -0.595190980107801    -0.000000000000000
    -0.000000000000000    -0.000000000000000    -0.337353000000000
1 65
    -0.045081619641829    -0.000000000000000     0.000000000000000
    -0.000000000037457    -0.016678380357575     0.054056728401792
    -0.000000000035477     0.026901651217875     0.020878000000000
1 66
     0.021063363037568     0.018628835260280     0.023346000000000
     0.018628835321618    -0.000447363036757     0.013478819427217
     0.020912352043489     0.012073752080205     0.023967000000000
1 67
     0.019224469790866    -0.000000000000000    -0.000000000000000
     0.000000000026335    -0.000745136456902    -0.001038653135191
     0.000000000003268    -0.002477827009918    -0.000507500000000
1 68
     0.021063363086702    -0.018628835260280    -0.023346000000000
    -0.018628835264883    -0.000447363085891     0.013478819365641
    -0.020912352075334     0.012073752080205     0.023967000000000
1 69
    -0.003214046199823    -0.009894563594573     0.000326833333333
    -0.020814230319641     0.013136379533742     0.012637331378771
     0.006518453275441     0.000949620595988    -0.006167500000000
1 70
    -0.003214046225921     0.009894563594573    -0.000326833333333
     0.020814230276516     0.013136379559839     0.012637331377909
    -0.006518453277946     0.000949620595988    -0.006167500000000
1 71
     0.004247265093636     0.008647093149418    -0.000899500000000
     0.008647093151554     0.014232068240328     0.000519326566409
    -0.002145861140305     0.001238913504959    -0.000507500000000
1 72
     0.004247265116443    -0.008647093149418     0.000899500000000
    -0.008647093177890     0.014232068217520     0.000519326568782
     0.002145861137037     0.001238913504959    -0.000507500000000
1 73
    -0.004248524677588    -0.020216973826301     0.011107666666667
    -0.009297307200380     0.014170858011506    -0.006035619704801
     0.004081622192339     0.005170335828009    -0.006167500000000
1 74
     0.011125000000301     0.000000000000000     0.000000000000000
     0.000000000000000     0.011125000000301     0.000000000000000
    -0.000000000000000    -0.000000000000000     0.000730500000000
1 75
    -0.004248524730911     0.020216973826301    -0.011107666666667
     0.009297307151798     0.014170858064829    -0.006035619734098
    -0.004081622205976     0.005170335828009    -0.006167500000000
1 76
    -0.011202726123054     0.000000000000000    -0.000000000000000
    -0.000000000056736     0.031818726123864    -0.026957638792858
     0.000000000031845    -0.024147504160410     0.023967000000000
1 77
    -0.023779190162419    -0.012298963374082     0.046814500000000
    -0.012298963377121    -0.037980809836985    -0.027028364139158
     0.023297513396784    -0.013450825608938     0.020878000000000
1 78
     0.022346070910011     0.006057089768272     0.010780833333333
    -0.004862576861147    -0.012423737576093    -0.006601711644673
    -0.002436831069465    -0.006119956423997    -0.006167500000000
1 79
     0.022346070925987    -0.006057089768272    -0.010780833333333
     0.004862576952854    -0.012423737592069    -0.006601711673108
     0.002436831085607    -0.006119956423997    -0.006167500000000
1 80
    -0.023779190194858     0.012298963374082    -0.046814500000000
     0.012298963414579    -0.037980809804546    -0.027028364262634
    -0.023297513361307    -0.013450825608938     0.020878000000000
1 81
    -0.045081619641829    -0.000000000000000    -0.000000000000000
    -0.000000000037457    -0.016678380357575    -0.054056728401792
     0.000000000035477    -0.026901651217875     0.020878000000000
1 82
     0.021063363037568     0.018628835260280    -0.023346000000000
     0.018628835321618    -0.000447363036757    -0.013478819427217
    -0.020912352043489    -0.012073752080205     0.023967000000000
1 83
     0.019224469790866    -0.000000000000000     0.000000000000000
     0.000000000026335    -0.000745136456902     0.001038653135191
    -0.000000000003268     0.002477827009918    -0.000507500000000
1 84
     0.021063363086702    -0.018628835260280     0.023346000000000
    -0.018628835264883    -0.000447363085891    -0.013478819365641
     0.020912352075334    -0.012073752080205     0.023967000000000
1 85
    -0.003214046199823    -0.009894563594573    -0.000326833333333
    -0.020814230319641     0.013136379533742    -0.012637331378771
    -0.006518453275441    -0.000949620595988    -0.006167500000000
1 86
    -0.003214046225921     0.009894563594573     0.000326833333333
     0.020814230276516     0.013136379559839    -0.012637331377909
     0.006518453277946    -0.000949620595988    -0.006167500000000
1 87
     0.004247265093636     0.008647093149418     0.000899500000000
     0.008647093151554     0.014232068240328    -0.000519326566409
     0.002145861140305    -0.001238913504959    -0.000507500000000
1 88
     0.004247265116443    -0.008647093149418    -0.000899500000000
    -0.008647093177890     0.014232068217520    -0.000519326568782
    -0.002145861137037    -0.001238913504959    -0.000507500000000
1 89
    -0.004248524677588    -0.020216973826301    -0.011107666666667
    -0.009297307200380     0.014170858011506     0.006035619704801
    -0.004081622192339    -0.005170335828009    -0.006167500000000
1 90
     0.011125000000301     0.000000000000000    -0.000000000000000
     0.000000000000000     0.011125000000301    -0.000000000000000
    -0.000000000000000    -0.000000000000000     0.000730500000000
1 91
    -0.004248524730911     0.020216973826301     0.011107666666667
     0.009297307151798     0.014170858064829     0.006035619734098
     0.004081622205976    -0.005170335828009    -0.006167500000000
1 92
    -0.011202726123054     0.000000000000000     0.000000000000000
    -0.000000000056736     0.031818726123864     0.026957638792858
    -0.000000000031845     0.024147504160410     0.023967000000000
1 93
    -0.023779190162419    -0.012298963374082    -0.046814500000000
    -0.012298963377121    -0.037980809836985     0.027028364139158
    -0.023297513396784     0.013450825608938     0.020878000000000
1 94
     0.022346070910011     0.006057089768272    -0.010780833333333
    -0.004862576861147    -0.012423737576093     0.006601711644673
     0.002436831069465     0.006119956423997    -0.006167500000000
1 95
     0.022346070925987    -0.006057089768272     0.010780833333333
     0.004862576952854    -0.012423737592069     0.006601711673108
    -0.002436831085607     0.006119956423997    -0.006167500000000
1 96
    -0.023779190194858     0.012298963374082     0.046814500000000
     0.012298963414579    -0.037980809804546     0.027028364262634
     0.023297513361307     0.013450825608938     0.020878000000000
1 97
    -0.256677640866160    -0.264623255410607     0.444921000000000
    -0.264623256281924     0.048882974196584     0.256875259932187
     0.432872202750349     0.249918882751744    -0.284843500000000
1 98
    -0.015446989394177    -0.006480954363952     0.004464500000000
     0.000018045594399     0.016158989394162    -0.004831555726101
    -0.002962275447882    -0.001795924005363     0.004076500000000
1 99
    -0.015446989411271     0.006480954363952    -0.004464500000000
    -0.000018045677761     0.016158989411255    -0.004831555737877
     0.002962275452619    -0.001795924005363     0.004076500000000
1 100
    -0.256677641564117     0.264623255410607    -0.444921000000000
     0.264623255475993     0.048882974894541     0.256875258758686
    -0.432872203409522     0.249918882751744    -0.284843500000000
1 101
    -0.014649995770923    -0.000000000000000     0.000000000000000
     0.000000000050397    -0.052865337562356     0.060260357049725
    -0.000000000037526     0.028454853995915    -0.004565500000000
1 102
     0.005458973144416    -0.012052017448353    -0.001952000000000
    -0.018551017467727    -0.004746973144431     0.006282148282037
    -0.003036453536213    -0.001667443787972     0.004076500000000
1 103
    -0.002883000000028    -0.000000000000000     0.000000000000000
    -0.000000000000000    -0.002883000000028     0.000000000000000
    -0.000000000000000    -0.000000000000000     0.002001000000000
1 104
     0.005458973112628     0.012052017448353     0.001952000000000
     0.018551017494646    -0.004746973112643     0.006282148287186
     0.003036453540611    -0.001667443787972     0.004076500000000
1 105
    -0.012199689140445     0.004472693615998     0.010181500000000
     0.004472693630725    -0.017364310859617     0.005878291784383
     0.000352774844692     0.000203674651521    -0.002004000000000
1 106
    -0.012199689128648    -0.004472693615998    -0.010181500000000
    -0.004472693617103    -0.017364310871414     0.005878291757529
    -0.000352774845230     0.000203674651521    -0.002004000000000
1 107
     0.011056016294382    -0.015319563084402    -0.006416500000000
    -0.008820563071791    -0.010344016294398    -0.001450592561085
    -0.000074178092729     0.003463367793335     0.004076500000000
1 108
     0.011056016253976     0.015319563084402     0.006416500000000
     0.008820563128235    -0.010344016253992    -0.001450592544161
     0.000074178083594     0.003463367793335     0.004076500000000
1 109
    -0.043311502136320     0.016547728388199     0.052187000000000
     0.016547728392288    -0.024203831196959    -0.030130178456039
     0.024642626462010    -0.014227426997958    -0.004565500000000
1 110
    -0.019946621731000    -0.000000000000000    -0.000000000000000
    -0.000000000013622    -0.009617378269062    -0.011756583541912
     0.000000000000537    -0.000407349303043    -0.002004000000000
1 111
    -0.043311502092675    -0.016547728388199    -0.052187000000000
    -0.016547728442685    -0.024203831240604    -0.030130178593685
    -0.024642626424484    -0.014227426997958    -0.004565500000000
1 112
     0.201663282425913    -0.000000000000000    -0.000000000000000
     0.000000000805931    -0.409457949095489    -0.513750518690873
     0.000000000659173    -0.499837765503489    -0.284843500000000
1 113
    -0.256677640866160    -0.264623255410607    -0.444921000000000
    -0.264623256281924     0.048882974196584    -0.256875259932187
    -0.432872202750349    -0.249918882751744    -0.284843500000000
1 114
    -0.015446989394177    -0.006480954363952    -0.004464500000000
     0.000018045594399     0.016158989394162     0.004831555726101
     0.002962275447882     0.001795924005363     0.004076500000000
1 115
    -0.015446989411271     0.006480954363952     0.004464500000000
    -0.000018045677761     0.016158989411255     0.004831555737877
    -0.002962275452619     0.001795924005363     0.004076500000000
1 116
    -0.256677641564117     0.264623255410607     0.444921000000000
     0.264623255475993     0.048882974894541    -0.256875258758686
     0.432872203409522    -0.249918882751744    -0.284843500000000
1 117
    -0.014649995770923    -0.000000000000000    -0.000000000000000
     0.000000000050397    -0.052865337562356    -0.060260357049725
     0.000000000037526    -0.028454853995915    -0.004565500000000
1 118
     0.005458973144416    -0.012052017448353     0.001952000000000
    -0.018551017467727    -0.004746973144431    -0.006282148282037
     0.003036453536213     0.001667443787972     0.004076500000000
1 119
    -0.002883000000028    -0.000000000000000    -0.000000000000000
    -0.000000000000000    -0.002883000000028    -0.000000000000000
    -0.000000000000000    -0.000000000000000     0.002001000000000
1 120
     0.005458973112628     0.012052017448353    -0.001952000000000
     0.018551017494646    -0.004746973112643    -0.006282148287186
    -0.003036453540611     0.001667443787972     0.004076500000000
1 121
    -0.012199689140445     0.004472693615998    -0.010181500000000
     0.004472693630725    -0.017364310859617    -0.005878291784383
    -0.000352774844692    -0.000203674651521    -0.002004000000000
1 122
    -0.012199689128648    -0.004472693615998     0.010181500000000
    -0.004472693617103    -0.017364310871414    -0.005878291757529
     0.000352774845230    -0.000203674651521    -0.002004000000000
1 123
     0.011056016294382    -0.015319563084402     0.006416500000000
    -0.008820563071791    -0.010344016294398     0.001450592561085
     0.000074178092729    -0.003463367793335     0.004076500000000
1 124
     0.011056016253976     0.015319563084402    -0.006416500000000
     0.008820563128235    -0.010344016253992     0.001450592544161
    -0.000074178083594    -0.003463367793335     0.004076500000000
1 125
    -0.043311502136320     0.016547728388199    -0.052187000000000
     0.016547728392288    -0.024203831196959     0.030130178456039
    -0.024642626462010     0.014227426997958    -0.004565500000000
1 126
    -0.019946621731000    -0.000000000000000     0.000000000000000
    -0.000000000013622    -0.009617378269062     0.011756583541912
    -0.000000000000537     0.000407349303043    -0.002004000000000
1 127
    -0.043311502092675    -0.016547728388199     0.052187000000000
    -0.016547728442685    -0.024203831240604     0.030130178593685
     0.024642626424484     0.014227426997958    -0.004565500000000
1 128
     0.201663282425913    -0.000000000000000     0.000000000000000
     0.000000000805931    -0.409457949095489     0.513750518690873
    -0.000000000659173     0.499837765503489    -0.284843500000000
1 129
     0.007806810223519    -0.011587171271078    -0.000000000000000
    -0.011587171309231     0.021186523109804    -0.000000000000000
    -0.000000000000000    -0.000000000000000    -0.008826000000000
1 130
    -0.009388164477824     0.000036893451056    -0.000000000000000
    -0.005802439920376     0.011714164477752    -0.000000000000000
    -0.000000000000000    -0.000000000000000    -0.005435000000000
1 131
    -0.009388164477726    -0.000036893451056    -0.000000000000000
     0.005802439864718     0.011714164477654    -0.000000000000000
    -0.000000000000000    -0.000000000000000    -0.005435000000000
1 132
     0.007806810192958     0.011587171271078    -0.000000000000000
     0.011587171273941     0.021186523140366    -0.000000000000000
    -0.000000000000000    -0.000000000000000    -0.008826000000000
1 133
     0.000827440183446    -0.000000000000000    -0.000000000000000
     0.000000000012098    -0.008346106850171    -0.000000000000000
    -0.000000000000000    -0.000000000000000    -0.006529000000000
1 134
     0.003942027416357    -0.013498629743616    -0.000000000000000
    -0.007659296416509    -0.001616027416429    -0.000000000000000
    -0.000000000000000    -0.000000000000000    -0.005435000000000
1 135
    -0.003251000000069    -0.000000000000000    -0.000000000000000
    -0.000000000000000    -0.003251000000069    -0.000000000000000
    -0.000000000000000    -0.000000000000000    -0.002303000000000
1 136
     0.003942027380754     0.013498629743616    -0.000000000000000
     0.007659296431168    -0.001616027380826    -0.000000000000000
    -0.000000000000000    -0.000000000000000    -0.005435000000000
1 137
    -0.007075869575583     0.004309568317005    -0.000000000000000
     0.004309568331195    -0.012052130424447    -0.000000000000000
    -0.000000000000000    -0.000000000000000     0.003278000000000
1 138
    -0.007075869564216    -0.004309568317005    -0.000000000000000
    -0.004309568318069    -0.012052130435814    -0.000000000000000
    -0.000000000000000    -0.000000000000000     0.003278000000000
1 139
     0.008935137085410    -0.004776523194672    -0.000000000000000
    -0.010615856526294    -0.006609137085482    -0.000000000000000
    -0.000000000000000    -0.000000000000000    -0.005435000000000
1 140
     0.008935137072812     0.004776523194672    -0.000000000000000
     0.010615856567293    -0.006609137072884    -0.000000000000000
    -0.000000000000000    -0.000000000000000    -0.005435000000000
1 141
    -0.006052720097005     0.003972262383446    -0.000000000000000
     0.003972262384428    -0.001465946569720    -0.000000000000000
    -0.000000000000000    -0.000000000000000    -0.006529000000000
1 142
    -0.014540260860246    -0.000000000000000    -0.000000000000000
    -0.000000000013125    -0.004587739139784    -0.000000000000000
     0.000000000000000    -0.000000000000000     0.003278000000000
1 143
    -0.006052720086528    -0.003972262383446    -0.000000000000000
    -0.003972262396526    -0.001465946580197    -0.000000000000000
    -0.000000000000000    -0.000000000000000    -0.006529000000000
1 144
     0.027876379583508     0.000000000000000    -0.000000000000000
     0.000000000035290     0.001116953749815    -0.000000000000000
     0.000000000000000    -0.000000000000000    -0.008826000000000
49 1
    -0.352971684153561    -0.000000000000000    -0.000000000000000
     0.000000001274506    -1.319404315874416    -0.000000000000000
    -0.000000000000000    -0.000000000000000    -0.333316000000000
49 2
     0.024014342282578    -0.044454254037294    -0.000000000000000
    -0.044454254048278    -0.027317008950209    -0.000000000000000
    -0.000000000000000    -0.000000000000000    -0.019618000000000
49 3
     0.016591258005064    -0.000000000000000    -0.000000000000000
     0.000000000027035    -0.003908591338677    -0.000000000000000
    -0.000000000000000    -0.000000000000000     0.002403000000000
49 4
     0.024014342165328     0.044454254037294    -0.000000000000000
     0.044454254183667    -0.027317008832958    -0.000000000000000
    -0.000000000000000    -0.000000000000000    -0.019618000000000
49 5
    -1.077796158496080     0.418477604687929    -0.000000000000000
     0.418477604791330    -0.594579841531897    -0.000000000000000
    -0.000000000000000    -0.000000000000000    -0.333316000000000
49 6
    -1.077796157392325    -0.418477604687929    -0.000000000000000
    -0.418477606065837    -0.594579842635652    -0.000000000000000
    -0.000000000000000    -0.000000000000000    -0.333316000000000
49 7
     0.040553507912907     0.038207742998751    -0.000000000000000
    -0.001612923607874    -0.007139174579911    -0.000000000000000
    -0.000000000000000    -0.000000000000000     0.014405000000000
49 8
     0.040553508013682    -0.038207742998751    -0.000000000000000
     0.001612923733666    -0.007139174680686    -0.000000000000000
    -0.000000000000000    -0.000000000000000     0.014405000000000
49 9
     0.020630017638868    -0.009889908831440    -0.000000000000000
    -0.049710575575741     0.012784315694128    -0.000000000000000
    -0.000000000000000    -0.000000000000000     0.014405000000000
49 10
    -0.052982684449352     0.000000000000000    -0.000000000000000
    -0.000000000135389     0.049680017781722    -0.000000000000000
    -0.000000000000000    -0.000000000000000    -0.019618000000000
49 11
     0.020630017612783     0.009889908831440    -0.000000000000000
     0.049710575596435     0.012784315720213    -0.000000000000000
    -0.000000000000000    -0.000000000000000     0.014405000000000
49 12
     0.017974999999868     0.000000000000000    -0.000000000000000
     0.000000000000000     0.017974999999868    -0.000000000000000
    -0.000000000000000    -0.000000000000000     0.003554000000000
49 13
    -0.011062025548199    -0.031413165832689    -0.000000000000000
     0.008407500775616     0.044476358881195    -0.000000000000000
    -0.000000000000000    -0.000000000000000     0.014405000000000
49 14
     0.001216371008965    -0.008876695144861    -0.000000000000000
    -0.008876695174089     0.011466295657422    -0.000000000000000
    -0.000000000000000    -0.000000000000000     0.002403000000000
49 15
     0.001216370985552     0.008876695144861    -0.000000000000000
     0.008876695147055     0.011466295680835    -0.000000000000000
    -0.000000000000000    -0.000000000000000     0.002403000000000
49 16
    -0.011062025631053     0.031413165832689    -0.000000000000000
    -0.008407500922101     0.044476358964048    -0.000000000000000
    -0.000000000000000    -0.000000000000000     0.014405000000000
49 17
    -0.044356423489942    -0.000000000000000    -0.000000000000000
    -0.000000000037433    -0.015971576510581    -0.026940318284767
     0.000000000071154    -0.053954268654281     0.018816000000000
49 18
     0.021703518216019    -0.018600236440053     0.020913500000000
    -0.018600236444648     0.000225815116643    -0.012074414837802
     0.023350177171663    -0.013481231053491     0.021871500000000
49 19
     0.019875279191331    -0.000000000000000     0.000000000000000
     0.000000000026345    -0.000101945858662     0.002439882239755
    -0.000000000001365     0.001035261182537    -0.002601500000000
49 20
     0.021703518166960     0.018600236440053    -0.020913500000000
     0.018600236501297     0.000225815165703    -0.012074414892963
    -0.023350177136106    -0.013481231053491     0.021871500000000
49 21
    -0.023067788239212    -0.012290999272454    -0.023331000000000
    -0.012290999275490    -0.037260211761311     0.013470159111615
    -0.046725767374144     0.026977134327141     0.018816000000000
49 22
    -0.023067788271630     0.012290999272454     0.023331000000000
     0.012290999312924    -0.037260211728893     0.013470159173152
     0.046725767302991     0.026977134327141     0.018816000000000
49 23
     0.023029880427118     0.004921094847616    -0.002407166666667
    -0.006151905117447    -0.011717880427660     0.006120778881056
     0.010775127366351     0.006591493004519    -0.008268500000000
49 24
     0.023029880440098    -0.004921094847616     0.002407166666667
     0.006151905209096    -0.011717880440640     0.006120778887405
    -0.010775127383737     0.006591493004519    -0.008268500000000
49 25
    -0.003563896701131    -0.009202019228546    -0.004097166666667
    -0.020275019288748     0.014875896700589    -0.005145056933840
    -0.011095964091314     0.006035787525284    -0.008268500000000
49 26
    -0.010513036383985     0.000000000000000     0.000000000000000
    -0.000000000056648     0.032442369716648     0.024148829730765
    -0.000000000035557     0.026962462106981     0.021871500000000
49 27
    -0.003563896725402     0.009202019228546     0.004097166666667
     0.020275019240112     0.014875896724860    -0.005145056923033
     0.011095964075394     0.006035787525284    -0.008268500000000
49 28
     0.011729999999739     0.000000000000000    -0.000000000000000
     0.000000000000000     0.011729999999739    -0.000000000000000
    -0.000000000000000    -0.000000000000000    -0.001309500000000
49 29
    -0.002497983693605    -0.020890424380930    -0.006504333333333
    -0.009817424419812     0.013809983693063    -0.000975721964372
    -0.000320836691658    -0.012627280529803    -0.008268500000000
49 30
     0.004892360415244    -0.008650392187551    -0.002113000000000
    -0.008650392216034     0.014880972917425    -0.001219941122664
    -0.000896562483740    -0.000517630591269    -0.002601500000000
49 31
     0.004892360392429     0.008650392187551     0.002113000000000
     0.008650392189689     0.014880972940241    -0.001219941117091
     0.000896562485105    -0.000517630591269    -0.002601500000000
49 32
    -0.002497983748704     0.020890424380930     0.006504333333333
     0.009817424376799     0.013809983748162    -0.000975721947216
     0.000320836724963    -0.012627280529803    -0.008268500000000
49 33
    -0.044356423489942    -0.000000000000000     0.000000000000000
    -0.000000000037433    -0.015971576510581     0.026940318284767
    -0.000000000071154     0.053954268654281     0.018816000000000
49 34
     0.021703518216019    -0.018600236440053    -0.020913500000000
    -0.018600236444648     0.000225815116643     0.012074414837802
    -0.023350177171663     0.013481231053491     0.021871500000000
49 35
     0.019875279191331    -0.000000000000000    -0.000000000000000
     0.000000000026345    -0.000101945858662    -0.002439882239755
     0.000000000001365    -0.001035261182537    -0.002601500000000
49 36
     0.021703518166960     0.018600236440053     0.020913500000000
     0.018600236501297     0.000225815165703     0.012074414892963
     0.023350177136106     0.013481231053491     0.021871500000000
49 37
    -0.023067788239212    -0.012290999272454     0.023331000000000
    -0.012290999275490    -0.037260211761311    -0.013470159111615
     0.046725767374144    -0.026977134327141     0.018816000000000
49 38
    -0.023067788271630     0.012290999272454    -0.023331000000000
     0.012290999312924    -0.037260211728893    -0.013470159173152
    -0.046725767302991    -0.026977134327141     0.018816000000000
49 39
     0.023029880427118     0.004921094847616     0.002407166666667
    -0.006151905117447    -0.011717880427660    -0.006120778881056
    -0.010775127366351    -0.006591493004519    -0.008268500000000
49 40
     0.023029880440098    -0.004921094847616    -0.002407166666667
     0.006151905209096    -0.011717880440640    -0.006120778887405
     0.010775127383737    -0.006591493004519    -0.008268500000000
49 41
    -0.003563896701131    -0.009202019228546     0.004097166666667
    -0.020275019288748     0.014875896700589     0.005145056933840
     0.011095964091314    -0.006035787525284    -0.008268500000000
49 42
    -0.010513036383985     0.000000000000000    -0.000000000000000
    -0.000000000056648     0.032442369716648    -0.024148829730765
     0.000000000035557    -0.026962462106981     0.021871500000000
49 43
    -0.003563896725402     0.009202019228546    -0.004097166666667
     0.020275019240112     0.014875896724860     0.005145056923033
    -0.011095964075394    -0.006035787525284    -0.008268500000000
49 44
     0.011729999999739     0.000000000000000    -0.000000000000000
     0.000000000000000     0.011729999999739     0.000000000000000
    -0.000000000000000    -0.000000000000000    -0.001309500000000
49 45
    -0.002497983693605    -0.020890424380930     0.006504333333333
    -0.009817424419812     0.013809983693063     0.000975721964372
     0.000320836691658     0.012627280529803    -0.008268500000000
49 46
     0.004892360415244    -0.008650392187551     0.002113000000000
    -0.008650392216034     0.014880972917425     0.001219941122664
     0.000896562483740     0.000517630591269    -0.002601500000000
49 47
     0.004892360392429     0.008650392187551    -0.002113000000000
     0.008650392189689     0.014880972940241     0.001219941117091
    -0.000896562485105     0.000517630591269    -0.002601500000000
49 48
    -0.002497983748704     0.020890424380930    -0.006504333333333
     0.009817424376799     0.013809983748162     0.000975721947216
    -0.000320836724963     0.012627280529803    -0.008268500000000
49 49
     4.959961000023950     0.000000000000001    -0.000000000000000
     0.000000000000001     4.959961000023950    -0.000000000000000
    -0.000000000000000    -0.000000000000000     2.648257999999999
49 50
    -0.466616107484913    -0.052417316902877    -0.000000000000000
     0.052615349061742     0.136345774152364    -0.000000000000000
    -0.000000000000000    -0.000000000000000     0.177966000000000
49 51
    -0.174789153355966     0.000000000000000    -0.000000000000000
    -0.000000000248992     0.014016486689937    -0.000000000000000
    -0.000000000000000    -0.000000000000000     0.001173000000000
49 52
    -0.466616107623167     0.052417316902877    -0.000000000000000
    -0.052615350652083     0.136345774290618    -0.000000000000000
    -0.000000000000000    -0.000000000000000     0.177966000000000
49 53
    -0.014308945753145     0.208524311786029    -0.000000000000000
     0.313556979405465    -0.315961387579404    -0.000000000000000
    -0.000000000000000    -0.000000000000000     0.177966000000000
49 54
    -0.014308945203152    -0.208524311786029    -0.000000000000000
    -0.313556978609842    -0.315961388129397    -0.000000000000000
    -0.000000000000000    -0.000000000000000     0.177966000000000
49 55
    -0.048709441579622    -0.037140553007021    -0.000000000000000
    -0.037140553129312    -0.005823225086720    -0.000000000000000
    -0.000000000000000    -0.000000000000000     0.005728000000000
49 56
    -0.048709441677582     0.037140553007021    -0.000000000000000
     0.037140553016198    -0.005823224988760    -0.000000000000000
    -0.000000000000000    -0.000000000000000     0.005728000000000
49 57
    -0.033184923429355     0.081755240256418    -0.000000000000000
     0.081755240525611    -0.127587743236673    -0.000000000000000
    -0.000000000000000    -0.000000000000000     0.001173000000000
49 58
     0.016061041333412    -0.000000000000000    -0.000000000000000
     0.000000000113468    -0.069979707999529    -0.000000000000000
    -0.000000000000000    -0.000000000000000     0.005724000000000
49 59
    -0.033184923213722    -0.081755240256418    -0.000000000000000
    -0.081755240276618    -0.127587743452307    -0.000000000000000
    -0.000000000000000    -0.000000000000000     0.001173000000000
49 60
     0.015619883257691    -0.000000000000000    -0.000000000000000
     0.000000000113114    -0.070152549924033    -0.000000000000000
    -0.000000000000000    -0.000000000000000     0.005728000000000
49 61
    -0.014480447380276     0.313655994883152    -0.000000000000000
     0.208623328983082    -0.315789885952273    -0.000000000000000
    -0.000000000000000    -0.000000000000000     0.177966000000000
49 62
    -0.048469520715427     0.037256737308518    -0.000000000000000
     0.037256737317724    -0.005449145950690    -0.000000000000000
    -0.000000000000000    -0.000000000000000     0.005724000000000
49 63
    -0.048469520617161    -0.037256737308518    -0.000000000000000
    -0.037256737431192    -0.005449146048957    -0.000000000000000
    -0.000000000000000    -0.000000000000000     0.005724000000000
49 64
    -0.014480446552993    -0.313655994883152    -0.000000000000000
    -0.208623328188364    -0.315789886779556    -0.000000000000000
    -0.000000000000000    -0.000000000000000     0.177966000000000
49 65
     0.191750000000579     0.000000000000000    -0.000000000000000
     0.000000000000000     0.191750000000579    -0.000000000000000
    -0.000000000000000    -0.000000000000000    -0.636676500000000
49 66
    -0.073586342165838    -0.055600182813513    -0.095493500000000
     0.055705817060885     0.096416008833330     0.055005603444111
    -0.095414402071630    -0.054947934222912    -0.119211500000000
49 67
    -0.068583724429865     0.000000000000000    -0.000000000000000
    -0.000000000114283     0.018075057763692    -0.005419586981679
    -0.000000000007084     0.005371378108092    -0.006453500000000
49 68
    -0.073586342312486     0.055600182813513     0.095493500000000
    -0.055705817509274     0.096416008979978     0.055005603695980
     0.095414402216558    -0.054947934222912    -0.119211500000000
49 69
     0.053961162121844     0.017933768739293     0.000110500000000
     0.129239769080249    -0.031131495454352    -0.110202598754350
     0.095293508109416    -0.055157328959110    -0.119211500000000
49 70
     0.053961162169145    -0.017933768739293    -0.000110500000000
    -0.129239768855813    -0.031131495501653    -0.110202598754642
    -0.095293507963936    -0.055157328959110    -0.119211500000000
49 71
    -0.036992239081510    -0.022907363414220    -0.009680500000000
    -0.022907363489646    -0.010541094251273    -0.005589039298603
    -0.009007659447076    -0.005200574605895    -0.003569000000000
49 72
    -0.036992239141929     0.022907363414220     0.009680500000000
     0.022907363419880    -0.010541094190854    -0.005589039273070
     0.009007659460792    -0.005200574605895    -0.003569000000000
49 73
    -0.003589637834184     0.037524353387115     0.004693500000000
     0.037524353510670    -0.046919028831990     0.002709793497029
    -0.004651749895514    -0.002685689054046    -0.006453500000000
49 74
     0.003068836747698    -0.000000000000000    -0.000000000000000
     0.000000000070248    -0.050198836747115    -0.010380757849216
     0.000000000014869    -0.011274581356712    -0.003546000000000
49 75
    -0.003589637735211    -0.037524353387115    -0.004693500000000
    -0.037524353396387    -0.046919028930962     0.002709793484650
     0.004651749902598    -0.002685689054046    -0.006453500000000
49 76
     0.002684478224265    -0.000000000000000     0.000000000000000
     0.000000000069766    -0.050217811557048     0.011178078571672
    -0.000000000013717     0.010401149211790    -0.003569000000000
49 77
     0.053869679924398     0.129292585925780    -0.095383000000000
     0.017986586069590    -0.031040013256906     0.055196995058662
    -0.000120894252622     0.110105263182022    -0.119211500000000
49 78
    -0.036881918403830     0.023065579203090    -0.008990000000000
     0.023065579208789    -0.010248081595587     0.005190378912752
    -0.009764073888022     0.005637290678356    -0.003546000000000
49 79
    -0.036881918342993    -0.023065579203090     0.008990000000000
    -0.023065579279037    -0.010248081656423     0.005190378936464
     0.009764073873153     0.005637290678356    -0.003546000000000
49 80
     0.053869680265413    -0.129292585925780     0.095383000000000
    -0.017986585845637    -0.031040013597921     0.055196995310240
     0.000120893962214     0.110105263182022    -0.119211500000000
49 81
     0.191750000000579     0.000000000000000    -0.000000000000000
     0.000000000000000     0.191750000000579    -0.000000000000000
    -0.000000000000000    -0.000000000000000    -0.636676500000000
49 82
    -0.073586342165838    -0.055600182813513     0.095493500000000
     0.055705817060885     0.096416008833330    -0.055005603444111
     0.095414402071630     0.054947934222912    -0.119211500000000
49 83
    -0.068583724429865     0.000000000000000     0.000000000000000
    -0.000000000114283     0.018075057763692     0.005419586981679
     0.000000000007084    -0.005371378108092    -0.006453500000000
49 84
    -0.073586342312486     0.055600182813513    -0.095493500000000
    -0.055705817509274     0.096416008979978    -0.055005603695980
    -0.095414402216558     0.054947934222912    -0.119211500000000
49 85
     0.053961162121844     0.017933768739293    -0.000110500000000
     0.129239769080249    -0.031131495454352     0.110202598754350
    -0.095293508109416     0.055157328959110    -0.119211500000000
49 86
     0.053961162169145    -0.017933768739293     0.000110500000000
    -0.129239768855813    -0.031131495501653     0.110202598754642
     0.095293507963936     0.055157328959110    -0.119211500000000
49 87
    -0.036992239081510    -0.022907363414220     0.009680500000000
    -0.022907363489646    -0.010541094251273     0.005589039298603
     0.009007659447076     0.005200574605895    -0.003569000000000
49 88
    -0.036992239141929     0.022907363414220    -0.009680500000000
     0.022907363419880    -0.010541094190854     0.005589039273070
    -0.009007659460792     0.005200574605895    -0.003569000000000
49 89
    -0.003589637834184     0.037524353387115    -0.004693500000000
     0.037524353510670    -0.046919028831990    -0.002709793497029
     0.004651749895514     0.002685689054046    -0.006453500000000
49 90
     0.003068836747698    -0.000000000000000     0.000000000000000
     0.000000000070248    -0.050198836747115     0.010380757849216
    -0.000000000014869     0.011274581356712    -0.003546000000000
49 91
    -0.003589637735211    -0.037524353387115     0.004693500000000
    -0.037524353396387    -0.046919028930962    -0.002709793484650
    -0.004651749902598     0.002685689054046    -0.006453500000000
49 92
     0.002684478224265    -0.000000000000000    -0.000000000000000
     0.000000000069766    -0.050217811557048    -0.011178078571672
     0.000000000013717    -0.010401149211790    -0.003569000000000
49 93
     0.053869679924398     0.129292585925780     0.095383000000000
     0.017986586069590    -0.031040013256906    -0.055196995058662
     0.000120894252622    -0.110105263182022    -0.119211500000000
49 94
    -0.036881918403830     0.023065579203090     0.008990000000000
     0.023065579208789    -0.010248081595587    -0.005190378912752
     0.009764073888022    -0.005637290678356    -0.003546000000000
49 95
    -0.036881918342993    -0.023065579203090    -0.008990000000000
    -0.023065579279037    -0.010248081656423    -0.005190378936464
    -0.009764073873153    -0.005637290678356    -0.003546000000000
49 96
     0.053869680265413    -0.129292585925780    -0.095383000000000
    -0.017986585845637    -0.031040013597921    -0.055196995310240
    -0.000120893962214    -0.110105263182022    -0.119211500000000
49 97
    -0.384378106461086     0.062546270913724    -0.024741500000000
     0.062546270929179    -0.312155893534512     0.014284511665168
     0.124175420747873    -0.071692712477490    -0.147157500000000
49 98
     0.080506468182981    -0.026259681609640    -0.057489666666667
    -0.012812681522737    -0.002585468183198     0.000187061411567
    -0.022413946088631     0.002633769296189    -0.016707500000000
49 99
     0.080506468113720     0.026259681609640     0.057489666666667
     0.012812681741896    -0.002585468113937     0.000187061563199
     0.022413946081684     0.002633769296189    -0.016707500000000
49 100
    -0.384378106296117    -0.062546270913724     0.024741500000000
    -0.062546271119669    -0.312155893699481     0.014284511730425
    -0.124175420558780    -0.071692712477490    -0.147157500000000
49 101
    -0.276044787236195    -0.000000000000000    -0.000000000000000
     0.000000000190490    -0.420489212759403    -0.028569023395592
    -0.000000000189093     0.143385424954979    -0.147157500000000
49 102
     0.073277353035286     0.096841304311569    -0.097306000000000
     0.096841304630435    -0.038545353034164    -0.056179645471806
    -0.060313486591346    -0.034822007714977    -0.033636000000000
49 103
     0.040551377677452    -0.000000000000000    -0.000000000000000
     0.000000000072082    -0.014106711011017    -0.004391903501612
     0.000000000000184    -0.000139859382510    -0.007070500000000
49 104
     0.073277353290710    -0.096841304311569     0.097306000000000
    -0.096841304335497    -0.038545353289588    -0.056179645215157
     0.060313486683191    -0.034822007714977    -0.033636000000000
49 105
     0.001268686387229    -0.032935273004725     0.028582833333333
    -0.019488273138631     0.076652313612553    -0.049881042538489
     0.008926061949688    -0.020727931339718    -0.016707500000000
49 106
     0.001268686300361     0.032935273004725    -0.028582833333333
     0.019488272939803     0.076652313699421    -0.049881042613877
    -0.008926061895017    -0.020727931339718    -0.016707500000000
49 107
    -0.000442188870112     0.023667646642314    -0.003803500000000
     0.023667646648162     0.026886855536547     0.002195951745790
    -0.000121121778411     0.000069929691255    -0.007070500000000
49 108
    -0.000442188807688    -0.023667646642314     0.003803500000000
    -0.023667646720244     0.026886855474122     0.002195951755822
     0.000121121778226     0.000069929691255    -0.007070500000000
49 109
     0.035106345558993    -0.039024454614365    -0.028906833333333
    -0.052471454717398     0.042814654440790     0.049693981050679
    -0.013487884186667     0.018094162043529    -0.016707500000000
49 110
     0.032559999999863     0.000000000000000    -0.000000000000000
     0.000000000000000     0.032559999999863    -0.000000000000000
    -0.000000000000000    -0.000000000000000    -0.005173500000000
49 111
     0.035106345456064     0.039024454614365     0.028906833333333
     0.052471454697067     0.042814654543719     0.049693981126922
     0.013487884138943     0.018094162043529    -0.016707500000000
49 112
    -0.094456706324313     0.000000000000000     0.000000000000000
    -0.000000000294938     0.129188706325435     0.112359290686963
    -0.000000000091845     0.069644015429953    -0.033636000000000
49 113
    -0.384378106461086     0.062546270913724     0.024741500000000
     0.062546270929179    -0.312155893534512    -0.014284511665168
    -0.124175420747873     0.071692712477490    -0.147157500000000
49 114
     0.080506468182981    -0.026259681609640     0.057489666666667
    -0.012812681522737    -0.002585468183198    -0.000187061411567
     0.022413946088631    -0.002633769296189    -0.016707500000000
49 115
     0.080506468113720     0.026259681609640    -0.057489666666667
     0.012812681741896    -0.002585468113937    -0.000187061563199
    -0.022413946081684    -0.002633769296189    -0.016707500000000
49 116
    -0.384378106296117    -0.062546270913724    -0.024741500000000
    -0.062546271119669    -0.312155893699481    -0.014284511730425
     0.124175420558780     0.071692712477490    -0.147157500000000
49 117
    -0.276044787236195    -0.000000000000000     0.000000000000000
     0.000000000190490    -0.420489212759403     0.028569023395592
     0.000000000189093    -0.143385424954979    -0.147157500000000
49 118
     0.073277353035286     0.096841304311569     0.097306000000000
     0.096841304630435    -0.038545353034164     0.056179645471806
     0.060313486591346     0.034822007714977    -0.033636000000000
49 119
     0.040551377677452    -0.000000000000000     0.000000000000000
     0.000000000072082    -0.014106711011017     0.004391903501612
    -0.000000000000184     0.000139859382510    -0.007070500000000
49 120
     0.073277353290710    -0.096841304311569    -0.097306000000000
    -0.096841304335497    -0.038545353289588     0.056179645215157
    -0.060313486683191     0.034822007714977    -0.033636000000000
49 121
     0.001268686387229    -0.032935273004725    -0.028582833333333
    -0.019488273138631     0.076652313612553     0.049881042538489
    -0.008926061949688     0.020727931339718    -0.016707500000000
49 122
     0.001268686300361     0.032935273004725     0.028582833333333
     0.019488272939803     0.076652313699421     0.049881042613877
     0.008926061895017     0.020727931339718    -0.016707500000000
49 123
    -0.000442188870112     0.023667646642314     0.003803500000000
     0.023667646648162     0.026886855536547    -0.002195951745790
     0.000121121778411    -0.000069929691255    -0.007070500000000
49 124
    -0.000442188807688    -0.023667646642314    -0.003803500000000
    -0.023667646720244     0.026886855474122    -0.002195951755822
    -0.000121121778226    -0.000069929691255    -0.007070500000000
49 125
     0.035106345558993    -0.039024454614365     0.028906833333333
    -0.052471454717398     0.042814654440790    -0.049693981050679
     0.013487884186667    -0.018094162043529    -0.016707500000000
49 126
     0.032559999999863     0.000000000000000    -0.000000000000000
     0.000000000000000     0.032559999999863    -0.000000000000000
    -0.000000000000000    -0.000000000000000    -0.005173500000000
49 127
     0.035106345456064     0.039024454614365    -0.028906833333333
     0.052471454697067     0.042814654543719    -0.049693981126922
    -0.013487884138943    -0.018094162043529    -0.016707500000000
49 128
    -0.094456706324313     0.000000000000000    -0.000000000000000
    -0.000000000294938     0.129188706325435    -0.112359290686963
     0.000000000091845    -0.069644015429953    -0.033636000000000
49 129
    -0.030039088530471     0.016873792253125    -0.000000000000000
     0.016873792257294    -0.010554911469540    -0.000000000000000
    -0.000000000000000    -0.000000000000000     0.214909000000000
49 130
     0.043489000254369    -0.010160739892611    -0.000000000000000
    -0.012455739870041     0.009658666412286    -0.000000000000000
    -0.000000000000000    -0.000000000000000     0.049726000000000
49 131
     0.043489000227570     0.010160739892611    -0.000000000000000
     0.012455739959270     0.009658666439086    -0.000000000000000
    -0.000000000000000    -0.000000000000000     0.049726000000000
49 132
    -0.030039088485966    -0.016873792253125    -0.000000000000000
    -0.016873792308685    -0.010554911514046    -0.000000000000000
    -0.000000000000000    -0.000000000000000     0.214909000000000
49 133
    -0.000812822983580    -0.000000000000000    -0.000000000000000
     0.000000000051390    -0.039781177016431    -0.000000000000000
    -0.000000000000000    -0.000000000000000     0.214909000000000
49 134
    -0.007595175798577     0.034028720421357    -0.000000000000000
     0.034028720533403    -0.046888157534495    -0.000000000000000
    -0.000000000000000    -0.000000000000000     0.063709000000000
49 135
     0.027781968590675    -0.000000000000000    -0.000000000000000
     0.000000000058226    -0.016369968590685    -0.000000000000000
    -0.000000000000000    -0.000000000000000     0.021074000000000
49 136
    -0.007595175708824    -0.034028720421357    -0.000000000000000
    -0.034028720429766    -0.046888157624247    -0.000000000000000
    -0.000000000000000    -0.000000000000000     0.063709000000000
49 137
     0.008323026862100    -0.007847344292003    -0.000000000000000
    -0.010142344358091     0.044824639804556    -0.000000000000000
    -0.000000000000000    -0.000000000000000     0.049726000000000
49 138
     0.008323026841402     0.007847344292003    -0.000000000000000
     0.010142344261816     0.044824639825253    -0.000000000000000
    -0.000000000000000    -0.000000000000000     0.049726000000000
49 139
    -0.005331984320558     0.019118349595758    -0.000000000000000
     0.019118349600482     0.016743984320548    -0.000000000000000
    -0.000000000000000    -0.000000000000000     0.021074000000000
49 140
    -0.005331984270132    -0.019118349595758    -0.000000000000000
    -0.019118349658708     0.016743984270122    -0.000000000000000
    -0.000000000000000    -0.000000000000000     0.021074000000000
49 141
     0.027909472935551    -0.021450584184613    -0.000000000000000
    -0.019155584214994     0.025238193731104    -0.000000000000000
    -0.000000000000000    -0.000000000000000     0.049726000000000
49 142
     0.030022000000135     0.000000000000000    -0.000000000000000
     0.000000000000000     0.030022000000135    -0.000000000000000
    -0.000000000000000    -0.000000000000000     0.006898000000000
49 143
     0.027909472878974     0.021450584184614    -0.000000000000000
     0.019155584222039     0.025238193787681    -0.000000000000000
    -0.000000000000000    -0.000000000000000     0.049726000000000
49 144
    -0.066534648492206     0.000000000000000    -0.000000000000000
    -0.000000000103637     0.012051315159135    -0.000000000000000
    -0.000000000000000    -0.000000000000000     0.063709000000000
97 1
    -0.256399019598984    -0.264654510964085     0.432879500000000
    -0.264654511835504     0.049197686268138     0.249923096643708
     0.444943178123041     0.256888063631688    -0.284780000000000
97 2
    -0.256399020297023     0.264654510964085    -0.432879500000000
     0.264654511029478     0.049197686966178     0.249923095501967
    -0.444943178800595     0.256888063631688    -0.284780000000000
97 3
    -0.015175212264441     0.000001425622159     0.002941666666667
     0.006498758925310     0.016432878930627    -0.001820385396486
    -0.004441838810236    -0.004853952858625     0.004116500000000
97 4
    -0.015175212264437    -0.000001425622159    -0.002941666666667
    -0.006498759008678     0.016432878930624    -0.001820385404245
     0.004441838823039    -0.004853952858625     0.004116500000000
97 5
    -0.043035338246960     0.016560146228473     0.024635000000000
     0.016560146232565    -0.023913328420703    -0.014223023861585
     0.052260007221033    -0.030172329187241    -0.004520000000000
97 6
     0.201996039899739    -0.000000000000000    -0.000000000000000
     0.000000000806026    -0.409197373230584    -0.499846192145675
     0.000000000677555    -0.513776127263376    -0.284780000000000
97 7
    -0.043035338203282    -0.016560146228473    -0.024635000000000
    -0.016560146283000    -0.023913328464381    -0.014223023926561
    -0.052260007141452    -0.030172329187241    -0.004520000000000
97 8
    -0.019700826643585    -0.000000000000000    -0.000000000000000
    -0.000000000013671    -0.009334506690482    -0.000381628528272
     0.000000000015318    -0.011615521694440    -0.001945000000000
97 9
    -0.011926086684678     0.004488748207600     0.000330500000000
     0.004488748222380    -0.017109246649390     0.000190814264572
     0.010059336866837     0.005807760847220    -0.001945000000000
97 10
     0.011345518609495     0.008812992146839     0.000105666666667
     0.015310325535536    -0.010087851943308     0.003457750765376
     0.006424565898252    -0.001419768822007     0.004116500000000
97 11
     0.011345518632739    -0.008812992146839    -0.000105666666667
    -0.015310325479004    -0.010087851966553     0.003457750765097
    -0.006424565894507    -0.001419768822007     0.004116500000000
97 12
    -0.011926086672838    -0.004488748207600    -0.000330500000000
    -0.004488748208709    -0.017109246661229     0.000190814263700
    -0.010059336882155     0.005807760847220    -0.001945000000000
97 13
    -0.014352323551252    -0.000000000000000     0.000000000000000
     0.000000000050435    -0.052596343116410     0.028446047788146
    -0.000000000079581     0.060344658374482    -0.004520000000000
97 14
     0.005716193618125     0.018560417768998     0.003047333333333
     0.012063084470433    -0.004458526951938    -0.001637365360852
     0.001982727071469     0.006273721680632     0.004116500000000
97 15
    -0.002607000000264    -0.000000000000000    -0.000000000000000
    -0.000000000000000    -0.002607000000264    -0.000000000000000
    -0.000000000000000    -0.000000000000000     0.002011500000000
97 16
     0.005716193667079    -0.018560417768998    -0.003047333333333
    -0.012063084443597    -0.004458527000892    -0.001637365368889
    -0.001982727088016     0.006273721680632     0.004116500000000
97 17
     0.008124890779866    -0.011591650545095    -0.000000000000000
    -0.011591650583263     0.021509775886263    -0.000000000000000
    -0.000000000000000    -0.000000000000000    -0.008977000000000
97 18
     0.008124890749293     0.011591650545095    -0.000000000000000
     0.011591650547960     0.021509775916837    -0.000000000000000
    -0.000000000000000    -0.000000000000000    -0.008977000000000
97 19
    -0.009086919295162     0.005795456228327    -0.000000000000000
    -0.000031877132905     0.012024919294596    -0.000000000000000
    -0.000000000000000    -0.000000000000000    -0.005640000000000
97 20
    -0.009086919279876    -0.005795456228327    -0.000000000000000
     0.000031877077221     0.012024919279311    -0.000000000000000
    -0.000000000000000    -0.000000000000000    -0.005640000000000
97 21
    -0.005728351295158     0.003971623599384    -0.000000000000000
     0.003971623600365    -0.001142315372176    -0.000000000000000
    -0.000000000000000    -0.000000000000000    -0.006735000000000
97 22
     0.028202218470035     0.000000000000000    -0.000000000000000
     0.000000000035303     0.001432448196094    -0.000000000000000
    -0.000000000000000    -0.000000000000000    -0.008977000000000
97 23
    -0.005728351284683    -0.003971623599384    -0.000000000000000
    -0.003971623612461    -0.001142315382651    -0.000000000000000
    -0.000000000000000    -0.000000000000000    -0.006735000000000
97 24
    -0.014299426668169    -0.000000000000000    -0.000000000000000
    -0.000000000013176    -0.004308573332532    -0.000000000000000
    -0.000000000000000    -0.000000000000000     0.003057000000000
97 25
    -0.006806286672146     0.004326166393245    -0.000000000000000
     0.004326166407490    -0.011801713328554    -0.000000000000000
    -0.000000000000000    -0.000000000000000     0.003057000000000
97 26
     0.009242662600304     0.010614466140791    -0.000000000000000
     0.004787132836434    -0.006304662600870    -0.000000000000000
    -0.000000000000000    -0.000000000000000    -0.005640000000000
97 27
     0.009242662628300    -0.010614466140791    -0.000000000000000
    -0.004787132795427    -0.006304662628866    -0.000000000000000
    -0.000000000000000    -0.000000000000000    -0.005640000000000
97 28
    -0.006806286660736    -0.004326166393245    -0.000000000000000
    -0.004326166394314    -0.011801713339965    -0.000000000000000
    -0.000000000000000    -0.000000000000000     0.003057000000000
97 29
     0.001150702578840    -0.000000000000000    -0.000000000000000
     0.000000000012096    -0.008021369246174    -0.000000000000000
    -0.000000000000000    -0.000000000000000    -0.006735000000000
97 30
     0.004251256662255     0.007668922369118    -0.000000000000000
     0.013496255733677    -0.001313256662820    -0.000000000000000
    -0.000000000000000    -0.000000000000000    -0.005640000000000
97 31
    -0.002962000000249    -0.000000000000000    -0.000000000000000
    -0.000000000000000    -0.002962000000249    -0.000000000000000
    -0.000000000000000    -0.000000000000000    -0.002523000000000
97 32
     0.004251256682482    -0.007668922369118    -0.000000000000000
    -0.013496255719000    -0.001313256683047    -0.000000000000000
    -0.000000000000000    -0.000000000000000    -0.005640000000000
97 33
    -0.256399019598984    -0.264654510964085    -0.432879500000000
    -0.264654511835504     0.049197686268138    -0.249923096643708
    -0.444943178123041    -0.256888063631688    -0.284780000000000
97 34
    -0.256399020297023     0.264654510964085     0.432879500000000
     0.264654511029478     0.049197686966178    -0.249923095501967
     0.444943178800595    -0.256888063631688    -0.284780000000000
97 35
    -0.015175212264441     0.000001425622159    -0.002941666666667
     0.006498758925310     0.016432878930627     0.001820385396486
     0.004441838810236     0.004853952858625     0.004116500000000
97 36
    -0.015175212264437    -0.000001425622159     0.002941666666667
    -0.006498759008678     0.016432878930624     0.001820385404245
    -0.004441838823039     0.004853952858625     0.004116500000000
97 37
    -0.043035338246960     0.016560146228473    -0.024635000000000
     0.016560146232565    -0.023913328420703     0.014223023861585
    -0.052260007221033     0.030172329187241    -0.004520000000000
97 38
     0.201996039899739    -0.000000000000000     0.000000000000000
     0.000000000806026    -0.409197373230584     0.499846192145675
    -0.000000000677555     0.513776127263376    -0.284780000000000
97 39
    -0.043035338203282    -0.016560146228473     0.024635000000000
    -0.016560146283000    -0.023913328464381     0.014223023926561
     0.052260007141452     0.030172329187241    -0.004520000000000
97 40
    -0.019700826643585    -0.000000000000000     0.000000000000000
    -0.000000000013671    -0.009334506690482     0.000381628528272
    -0.000000000015318     0.011615521694440    -0.001945000000000
97 41
    -0.011926086684678     0.004488748207600    -0.000330500000000
     0.004488748222380    -0.017109246649390    -0.000190814264572
    -0.010059336866837    -0.005807760847220    -0.001945000000000
97 42
     0.011345518609495     0.008812992146839    -0.000105666666667
     0.015310325535536    -0.010087851943308    -0.003457750765376
    -0.006424565898252     0.001419768822007     0.004116500000000
97 43
     0.011345518632739    -0.008812992146839     0.000105666666667
    -0.015310325479004    -0.010087851966553    -0.003457750765097
     0.006424565894507     0.001419768822007     0.004116500000000
97 44
    -0.011926086672838    -0.004488748207600     0.000330500000000
    -0.004488748208709    -0.017109246661229    -0.000190814263700
     0.010059336882155    -0.005807760847220    -0.001945000000000
97 45
    -0.014352323551252    -0.000000000000000    -0.000000000000000
     0.000000000050435    -0.052596343116410    -0.028446047788146
     0.000000000079581    -0.060344658374482    -0.004520000000000
97 46
     0.005716193618125     0.018560417768998    -0.003047333333333
     0.012063084470433    -0.004458526951938     0.001637365360852
    -0.001982727071469    -0.006273721680632     0.004116500000000
97 47
    -0.002607000000264    -0.000000000000000    -0.000000000000000
    -0.000000000000000    -0.002607000000264     0.000000000000000
    -0.000000000000000    -0.000000000000000     0.002011500000000
97 48
     0.005716193667079    -0.018560417768998     0.003047333333333
    -0.012063084443597    -0.004458527000892     0.001637365368889
     0.001982727088016    -0.006273721680632     0.004116500000000
97 49
    -0.384835457550427     0.062509351243234     0.124340000000000
     0.062509351258679    -0.312655875787381    -0.071787732370589
    -0.024673031906612     0.014244981589555    -0.147127000000000
97 50
    -0.384835457385555    -0.062509351243234    -0.124340000000000
    -0.062509351449057    -0.312655875952252    -0.071787732698542
     0.024673031869040     0.014244981589555    -0.147127000000000
97 51
     0.080035878501146     0.012839622093283     0.022380500000000
     0.026355288916145    -0.003033211833391     0.002600096969111
     0.057459026770308     0.000198015571078    -0.016652500000000
97 52
     0.080035878535012    -0.012839622093283    -0.022380500000000
    -0.026355288697046    -0.003033211867256     0.002600096910082
    -0.057459026770830     0.000198015571078    -0.016652500000000
97 53
     0.034705955075050    -0.052526532278961    -0.013442000000000
    -0.039010865691350     0.042296711592705     0.018082033079024
    -0.028900999965828     0.049661969030468    -0.016652500000000
97 54
    -0.094746173632702     0.000000000000000     0.000000000000000
    -0.000000000294737     0.128746840299073     0.069672898496653
    -0.000000000148363     0.112500870651963    -0.033553000000000
97 55
     0.034705954936509     0.052526532278961     0.013442000000000
     0.039010865671329     0.042296711731247     0.018082033114478
     0.028900999834842     0.049661969030468    -0.016652500000000
97 56
     0.031773000000489     0.000000000000000     0.000000000000000
     0.000000000000000     0.031773000000489    -0.000000000000000
    -0.000000000000000    -0.000000000000000    -0.005202000000000
97 57
     0.000762166503377    -0.019413410185678     0.008938500000000
    -0.032929077010164     0.076240500164379    -0.020682130024560
     0.028558026935988    -0.049859984601547    -0.016652500000000
97 58
    -0.000868814451743    -0.023635821324741     0.000115000000000
    -0.023635821402566     0.026423481118783     0.000066395281167
     0.003859398935968     0.002228225014316    -0.007027000000000
97 59
    -0.000868814514084     0.023635821324741    -0.000115000000000
     0.023635821330582     0.026423481181123     0.000066395280864
    -0.003859398941845     0.002228225014316    -0.007027000000000
97 60
     0.000762166452173     0.019413410185678    -0.008938500000000
     0.032929076811086     0.076240500215583    -0.020682130048136
    -0.028558026804480    -0.049859984601547    -0.016652500000000
97 61
    -0.276566085070729    -0.000000000000000     0.000000000000000
     0.000000000190377    -0.420925248267078     0.143575465069132
     0.000000000037572    -0.028489963179110    -0.147127000000000
97 62
     0.072873586943754    -0.096775313730993     0.060338500000000
    -0.096775313754905    -0.038872920277383    -0.034836449168753
     0.097428612092867    -0.056250435325982    -0.033553000000000
97 63
     0.040069628966386    -0.000000000000000    -0.000000000000000
     0.000000000071985    -0.014514962299347    -0.000132790562031
     0.000000000005877    -0.004456450028632    -0.007027000000000
97 64
     0.072873586688505     0.096775313730993    -0.060338500000000
     0.096775314049642    -0.038872920022133    -0.034836449327899
    -0.097428611944504    -0.056250435325982    -0.033553000000000
97 65
    -0.030477766104618     0.016895173105784    -0.000000000000000
     0.016895173109959    -0.010968900561533    -0.000000000000000
    -0.000000000000000    -0.000000000000000     0.214846000000000
97 66
    -0.030477766060056    -0.016895173105784    -0.000000000000000
    -0.016895173161414    -0.010968900606094    -0.000000000000000
    -0.000000000000000    -0.000000000000000     0.214846000000000
97 67
     0.043032820103933     0.012568690539844    -0.000000000000000
     0.010016357268956     0.009124513230205    -0.000000000000000
    -0.000000000000000    -0.000000000000000     0.049596000000000
97 68
     0.043032820137083    -0.012568690539844    -0.000000000000000
    -0.010016357179521     0.009124513197054    -0.000000000000000
    -0.000000000000000    -0.000000000000000     0.049596000000000
97 69
     0.027381202521143    -0.019052822847267    -0.000000000000000
    -0.021605156215403     0.024776130812994    -0.000000000000000
    -0.000000000000000    -0.000000000000000     0.049596000000000
97 70
    -0.066785397433573     0.000000000000000    -0.000000000000000
    -0.000000000103302     0.011546730767331    -0.000000000000000
    -0.000000000000000    -0.000000000000000     0.063652000000000
97 71
     0.027381202470891     0.019052822847267    -0.000000000000000
     0.021605156222274     0.024776130863247    -0.000000000000000
    -0.000000000000000    -0.000000000000000     0.049596000000000
97 72
     0.029390000000488     0.000000000000000    -0.000000000000000
     0.000000000000000     0.029390000000488    -0.000000000000000
    -0.000000000000000    -0.000000000000000     0.007009000000000
97 73
     0.007821977398281    -0.010312632307423    -0.000000000000000
    -0.007760299035977     0.044335355935856    -0.000000000000000
    -0.000000000000000    -0.000000000000000     0.049596000000000
97 74
    -0.005731580628006    -0.019087628253450    -0.000000000000000
    -0.019087628316299     0.016308913961795    -0.000000000000000
    -0.000000000000000    -0.000000000000000     0.020882000000000
97 75
    -0.005731580678351     0.019087628253450    -0.000000000000000
     0.019087628258166     0.016308914012140    -0.000000000000000
    -0.000000000000000    -0.000000000000000     0.020882000000000
97 76
     0.007821977371081     0.010312632307423    -0.000000000000000
     0.007760298939671     0.044335355963056    -0.000000000000000
    -0.000000000000000    -0.000000000000000     0.049596000000000
97 77
    -0.001214467834552    -0.000000000000000    -0.000000000000000
     0.000000000051456    -0.040232198831599    -0.000000000000000
    -0.000000000000000    -0.000000000000000     0.214846000000000
97 78
    -0.008036301238164    -0.033918806447225    -0.000000000000000
    -0.033918806455606    -0.047202365428079    -0.000000000000000
    -0.000000000000000    -0.000000000000000     0.063652000000000
97 79
     0.027329161307040    -0.000000000000000    -0.000000000000000
     0.000000000058133    -0.016751827973251    -0.000000000000000
    -0.000000000000000    -0.000000000000000     0.020882000000000
97 80
    -0.008036301327627     0.033918806447225    -0.000000000000000
     0.033918806558908    -0.047202365338616    -0.000000000000000
    -0.000000000000000    -0.000000000000000     0.063652000000000
97 81
    -0.384835457550427     0.062509351243234    -0.124340000000000
     0.062509351258679    -0.312655875787381     0.071787732370589
     0.024673031906612    -0.014244981589555    -0.147127000000000
97 82
    -0.384835457385555    -0.062509351243234     0.124340000000000
    -0.062509351449057    -0.312655875952252     0.071787732698542
    -0.024673031869040    -0.014244981589555    -0.147127000000000
97 83
     0.080035878501146     0.012839622093283    -0.022380500000000
     0.026355288916145    -0.003033211833391    -0.002600096969111
    -0.057459026770308    -0.000198015571078    -0.016652500000000
97 84
     0.080035878535012    -0.012839622093283     0.022380500000000
    -0.026355288697046    -0.003033211867256    -0.002600096910082
     0.057459026770830    -0.000198015571078    -0.016652500000000
97 85
     0.034705955075050    -0.052526532278961     0.013442000000000
    -0.039010865691350     0.042296711592705    -0.018082033079024
     0.028900999965828    -0.049661969030468    -0.016652500000000
97 86
    -0.094746173632702     0.000000000000000    -0.000000000000000
    -0.000000000294737     0.128746840299073    -0.069672898496653
     0.000000000148363    -0.112500870651963    -0.033553000000000
97 87
     0.034705954936509     0.052526532278961    -0.013442000000000
     0.039010865671329     0.042296711731247    -0.018082033114478
    -0.028900999834842    -0.049661969030468    -0.016652500000000
97 88
     0.031773000000489     0.000000000000000    -0.000000000000000
     0.000000000000000     0.031773000000489    -0.000000000000000
    -0.000000000000000    -0.000000000000000    -0.005202000000000
97 89
     0.000762166503377    -0.019413410185678    -0.008938500000000
    -0.032929077010164     0.076240500164379     0.020682130024560
    -0.028558026935988     0.049859984601547    -0.016652500000000
97 90
    -0.000868814451743    -0.023635821324741    -0.000115000000000
    -0.023635821402566     0.026423481118783    -0.000066395281167
    -0.003859398935968    -0.002228225014316    -0.007027000000000
97 91
    -0.000868814514084     0.023635821324741     0.000115000000000
     0.023635821330582     0.026423481181123    -0.000066395280864
     0.003859398941845    -0.002228225014316    -0.007027000000000
97 92
     0.000762166452173     0.019413410185678     0.008938500000000
     0.032929076811086     0.076240500215583     0.020682130048136
     0.028558026804480     0.049859984601547    -0.016652500000000
97 93
    -0.276566085070729    -0.000000000000000    -0.000000000000000
     0.000000000190377    -0.420925248267078    -0.143575465069132
    -0.000000000037572     0.028489963179110    -0.147127000000000
97 94
     0.072873586943754    -0.096775313730993    -0.060338500000000
    -0.096775313754905    -0.038872920277383     0.034836449168753
    -0.097428612092867     0.056250435325982    -0.033553000000000
97 95
     0.040069628966386    -0.000000000000000     0.000000000000000
     0.000000000071985    -0.014514962299347     0.000132790562031
    -0.000000000005877     0.004456450028632    -0.007027000000000
97 96
     0.072873586688505     0.096775313730993     0.060338500000000
     0.096775314049642    -0.038872920022133     0.034836449327899
     0.097428611944504     0.056250435325982    -0.033553000000000
97 97
     3.890827000009779     0.000000000000000    -0.000000000000000
     0.000000000000000     3.890827000009778    -0.000000000000000
    -0.000000000000000    -0.000000000000000     3.369956000000000
97 98
    -0.551506698935022     0.013599787071418    -0.000000000000000
    -0.013596547173796     0.121706698934915    -0.000000000000000
    -0.000000000000000    -0.000000000000000     0.284219000000000
97 99
    -0.043567323138700     0.000000000000000    -0.000000000000000
    -0.000000000081367     0.018131989805167    -0.000000000000000
    -0.000000000000000    -0.000000000000000     0.046545000000000
97 100
    -0.551506698899152    -0.013599787071418    -0.000000000000000
     0.013596545398163     0.121706698899045    -0.000000000000000
    -0.000000000000000    -0.000000000000000     0.284219000000000
97 101
    -0.046595247632224     0.305107308552493    -0.000000000000000
     0.277910976154941    -0.383204752367883    -0.000000000000000
    -0.000000000000000    -0.000000000000000     0.284219000000000
97 102
    -0.046595246827488    -0.305107308552494    -0.000000000000000
    -0.277910975267117    -0.383204753172618    -0.000000000000000
    -0.000000000000000    -0.000000000000000     0.284219000000000
97 103
    -0.030859947511157    -0.015080875488881    -0.000000000000000
    -0.015080875538538    -0.013446052489281    -0.000000000000000
    -0.000000000000000    -0.000000000000000     0.050854000000000
97 104
    -0.030859947550933     0.015080875488881    -0.000000000000000
     0.015080875492608    -0.013446052449505    -0.000000000000000
    -0.000000000000000    -0.000000000000000     0.050854000000000
97 105
     0.002707161533967     0.026716586179075    -0.000000000000000
     0.026716586267043    -0.028142494867500    -0.000000000000000
    -0.000000000000000    -0.000000000000000     0.046545000000000
97 106
    -0.004833863268547    -0.000000000000000    -0.000000000000000
     0.000000000045809    -0.039570136731243    -0.000000000000000
    -0.000000000000000    -0.000000000000000     0.050883000000000
97 107
     0.002707161604433    -0.026716586179075    -0.000000000000000
    -0.026716586185676    -0.028142494937966    -0.000000000000000
    -0.000000000000000    -0.000000000000000     0.046545000000000
97 108
    -0.004739104938567    -0.000000000000000    -0.000000000000000
     0.000000000045930    -0.039566895061871    -0.000000000000000
    -0.000000000000000    -0.000000000000000     0.050854000000000
97 109
    -0.046598054219721     0.277912595623912    -0.000000000000000
     0.305108929941155    -0.383201945780386    -0.000000000000000
    -0.000000000000000    -0.000000000000000     0.284219000000000
97 110
    -0.030886068385405     0.015041247612439    -0.000000000000000
     0.015041247616155    -0.013517931614385    -0.000000000000000
    -0.000000000000000    -0.000000000000000     0.050883000000000
97 111
    -0.030886068345733    -0.015041247612439    -0.000000000000000
    -0.015041247661964    -0.013517931654057    -0.000000000000000
    -0.000000000000000    -0.000000000000000     0.050883000000000
97 112
    -0.046598053486713    -0.277912595623912    -0.000000000000000
    -0.305108929053346    -0.383201946513394    -0.000000000000000
    -0.000000000000000    -0.000000000000000     0.284219000000000
97 113
     0.123648000000317     0.000000000000000    -0.000000000000000
     0.000000000000000     0.123648000000316    -0.000000000000000
    -0.000000000000000    -0.000000000000000    -0.775118000000000
97 114
    -0.063666739495042     0.012190097332093    -0.066466000000000
    -0.012231902814363     0.030971739494696    -0.014977620784225
    -0.066284214901679     0.015005166741480    -0.133594500000000
97 115
    -0.041535595522147     0.000000000000000    -0.000000000000000
    -0.000000000074115     0.014664262188778    -0.000595825478331
    -0.000000000000944     0.000715790499914    -0.030308000000000
97 116
    -0.063666739462890    -0.012190097332093     0.066466000000000
     0.012231902564749     0.030971739462544    -0.014977620608918
     0.066284214862102     0.015005166741480    -0.133594500000000
97 117
     0.007294017427633     0.053201114774083     0.046204000000000
     0.028779114887375    -0.039989017427979    -0.050072434129656
     0.020147251928899    -0.064906397277564    -0.133594500000000
97 118
     0.007294017567954    -0.053201114774083    -0.046204000000000
    -0.028779114762663    -0.039989017568299    -0.050072434251522
    -0.020147251757706    -0.064906397277564    -0.133594500000000
97 119
    -0.020560045417584    -0.010515359132796    -0.007411000000000
    -0.010515359167420    -0.008417954582683    -0.004278742858524
    -0.015191370136614    -0.008770741636650    -0.023563500000000
97 120
    -0.020560045445319     0.010515359132796     0.007411000000000
     0.010515359135394    -0.008417954554948    -0.004278742838977
     0.015191370159747    -0.008770741636650    -0.023563500000000
97 121
     0.000614297728954     0.024335252211831     0.000516000000000
     0.024335252291959    -0.027485631062323     0.000297912739846
    -0.000619892756790    -0.000357895249957    -0.030308000000000
97 122
    -0.002400304648490    -0.000000000000000    -0.000000000000000
     0.000000000031957    -0.026633028684788    -0.017519116583793
     0.000000000011156    -0.008459501401674    -0.023565000000000
97 123
     0.000614297793140    -0.024335252211831    -0.000516000000000
    -0.024335252217844    -0.027485631126508     0.000297912738485
     0.000619892757734    -0.000357895249957    -0.030308000000000
97 124
    -0.002346909137498    -0.000000000000000     0.000000000000000
     0.000000000032025    -0.026631090862770     0.008557485697501
    -0.000000000023133     0.017541483273299    -0.023563500000000
97 125
     0.007330221942729     0.028758212106177    -0.020262000000000
     0.053180212262750    -0.040025221943074     0.065050054860439
    -0.046136963104396     0.049901230536085    -0.133594500000000
97 126
    -0.020574847689552     0.010493077299880    -0.015172000000000
     0.010493077302473    -0.008458485643726     0.008759558271888
    -0.007326143129261     0.004229750700837    -0.023565000000000
97 127
    -0.020574847661876    -0.010493077299880     0.015172000000000
    -0.010493077334431    -0.008458485671402     0.008759558311905
     0.007326143118104     0.004229750700837    -0.023565000000000
97 128
     0.007330222018580    -0.028758212106177     0.020262000000000
    -0.053180212137848    -0.040025222018925     0.065050054913881
     0.046136962972779     0.049901230536085    -0.133594500000000
97 129
     0.123648000000317     0.000000000000000    -0.000000000000000
     0.000000000000000     0.123648000000316    -0.000000000000000
    -0.000000000000000    -0.000000000000000    -0.775118000000000
97 130
    -0.063666739495042     0.012190097332093     0.066466000000000
    -0.012231902814363     0.030971739494696     0.014977620784225
     0.066284214901679    -0.015005166741480    -0.133594500000000
97 131
    -0.041535595522147     0.000000000000000     0.000000000000000
    -0.000000000074115     0.014664262188778     0.000595825478331
     0.000000000000944    -0.000715790499914    -0.030308000000000
97 132
    -0.063666739462890    -0.012190097332093    -0.066466000000000
     0.012231902564749     0.030971739462544     0.014977620608918
    -0.066284214862102    -0.015005166741480    -0.133594500000000
97 133
     0.007294017427633     0.053201114774083    -0.046204000000000
     0.028779114887375    -0.039989017427979     0.050072434129656
    -0.020147251928899     0.064906397277564    -0.133594500000000
97 134
     0.007294017567954    -0.053201114774083     0.046204000000000
    -0.028779114762663    -0.039989017568299     0.050072434251522
     0.020147251757706     0.064906397277564    -0.133594500000000
97 135
    -0.020560045417584    -0.010515359132796     0.007411000000000
    -0.010515359167420    -0.008417954582683     0.004278742858524
     0.015191370136614     0.008770741636650    -0.023563500000000
97 136
    -0.020560045445319     0.010515359132796    -0.007411000000000
     0.010515359135394    -0.008417954554948     0.004278742838977
    -0.015191370159747     0.008770741636650    -0.023563500000000
97 137
     0.000614297728954     0.024335252211831    -0.000516000000000
     0.024335252291959    -0.027485631062323    -0.000297912739846
     0.000619892756790     0.000357895249957    -0.030308000000000
97 138
    -0.002400304648490    -0.000000000000000     0.000000000000000
     0.000000000031957    -0.026633028684788     0.017519116583793
    -0.000000000011156     0.008459501401674    -0.023565000000000
97 139
     0.000614297793140    -0.024335252211831     0.000516000000000
    -0.024335252217844    -0.027485631126508    -0.000297912738485
    -0.000619892757734     0.000357895249957    -0.030308000000000
97 140
    -0.002346909137498    -0.000000000000000    -0.000000000000000
     0.000000000032025    -0.026631090862770    -0.008557485697501
     0.000000000023133    -0.017541483273299    -0.023563500000000
97 141
     0.007330221942729     0.028758212106177     0.020262000000000
     0.053180212262750    -0.040025221943074    -0.065050054860439
     0.046136963104396    -0.049901230536085    -0.133594500000000
97 142
    -0.020574847689552     0.010493077299880     0.015172000000000
     0.010493077302473    -0.008458485643726    -0.008759558271888
     0.007326143129261    -0.004229750700837    -0.023565000000000
97 143
    -0.020574847661876    -0.010493077299880    -0.015172000000000
    -0.010493077334431    -0.008458485671402    -0.008759558311905
    -0.007326143118104    -0.004229750700837    -0.023565000000000
97 144
     0.007330222018580    -0.028758212106177    -0.020262000000000
    -0.053180212137848    -0.040025222018925    -0.065050054913881
    -0.046136962972779    -0.049901230536085    -0.133594500000000